# Fix print output for fix def0
82.3507946879473 80.0762163703068 77.3838200261281 -393920.542011853 -393928.086538737 510295.223906514 1 15.7910464643862 -0.000679722884246103
82.3508342796597 80.0760820236593 77.3875764128071 -393920.37416871 -393924.128868211 510319.383961723 0.497671962710997 -7.09146567240154 -14.9501929652027
82.3506071608044 80.0762759664769 77.3855117163516 -393920.146038028 -393924.008847159 510305.597221485 0.512001506645671 3.16300523029615 -4.92221801317084
82.3505368008466 80.0763289376236 77.385342588053 -393919.895025549 -393924.215116277 510304.383502541 0.572612543510608 1.76214455389391 -7.280233637535
82.3508394423718 80.0761908448182 77.3860503357168 -393919.606647904 -393923.851153019 510310.045990792 0.562593941385709 -2.75320121010645 -11.6372726394915
82.3507265311367 80.076113547586 77.3867032784542 -393919.302255868 -393923.704492742 510313.159422442 0.583500720811542 3.61691079037771 -5.59724896961597
82.3506687969767 80.0763790450052 77.3864079595034 -393918.983824072 -393923.593284378 510312.546193678 0.610967444009738 -6.01551197864087 -15.6634150597386
82.3507290884014 80.0760937016967 77.3856152268064 -393918.642625728 -393923.161946201 510305.873828607 0.599019732156725 5.92218009852778 -3.53717807453174
82.3510177895534 80.0760196273053 77.3855622457404 -393918.290970796 -393923.14100547 510306.84139858 0.642854714330648 -2.54934479777614 -12.7008993121835
82.3507647340495 80.0761379417281 77.3871221455893 -393917.930270431 -393923.092338392 510316.313768188 0.684213608318144 -0.352422203762633 -11.1568896248378
82.350672316206 80.0761887619678 77.3871406691358 -393917.552244621 -393922.741847142 510316.187089287 0.687863215493846 1.96909124901523 -8.89301008380887
82.3509995079442 80.0760706506499 77.3863719311586 -393917.168848294 -393922.512388709 510312.392617439 0.708267131591507 -5.84730742876065 -17.0316917434542
82.350741014364 80.0759878246558 77.3857893807272 -393916.779690743 -393922.52638496 510306.421427557 0.761703723132125 9.51439354489261 -2.51395914582902
82.3506333478643 80.0764407327065 77.3867223148429 -393916.382764113 -393922.310831995 510314.792614142 0.785744152597498 -6.7988451819564 -19.206625881727
82.3506002116891 80.0762191427225 77.3881378381012 -393915.983355343 -393921.949167675 510322.509535939 0.790747044114635 2.36870047392167 -10.117892668476
82.350797925908 80.0761015974069 77.3872243376603 -393915.590403837 -393921.992702037 510316.961723472 0.848601681577536 -0.352305326230491 -13.7526198903063
82.3506230742614 80.0763632561705 77.3859064977747 -393915.195924639 -393921.578950555 510308.855430367 0.846047209515557 -2.5364518324966 -15.8966408157449
82.3504142406068 80.0762996129759 77.3865111588773 -393914.808829181 -393921.375760627 510311.143077498 0.870423228370568 9.18848052218511 -4.55657597646862
82.3509829952194 80.0761743029785 77.3882458595895 -393914.436102845 -393921.367780122 510325.308194617 0.918768981046384 -11.7585194881344 -26.2666123463048
82.3507290547436 80.0759141088812 77.3884920913721 -393914.080431459 -393921.117916105 510323.700054305 0.932793368690888 8.09040852204965 -6.63918698586081
82.3507234687591 80.0763201014778 77.3865609007013 -393913.742266012 -393920.970910796 510313.517894872 0.958130959849518 -5.11564752635937 -20.2456468882016
