# Fix print output for fix def0
82.3604045822859 76.9028925159246 81.5512808213816 -393642.324600077 -393651.991330243 516525.697378271 1.28129043944707 1833.50969334117 1813.51997100751 5.88309586658561 5491.58242333275 3.06356082418371 0
82.3560982705982 76.9028925159246 81.5305079307208 -393642.596995978 -393652.43791524 516367.126731671 1.30437857984006 1013.07660522561 992.720429986544 -16.5474132707014 3069.12582268174 -13.3485937342189 50
82.3525213270076 76.9028925159246 81.5067633168178 -393643.005022881 -393652.70446354 516194.321406405 1.28562609816276 530.836038601651 510.765798586589 12.8875943586854 1575.37903649145 4.2414849548215 100
82.3518467854958 76.9028925159246 81.4977217535218 -393643.454043117 -393653.102707507 516132.832227495 1.27889588567222 352.05520597217 332.087654498016 2.29277961686894 1044.18755644281 9.68528185682874 150
82.3530548669193 76.9028925159246 81.5012366152316 -393643.94537587 -393653.777219786 516162.664050184 1.30317567529216 576.064501778893 555.719043043142 -12.6576489687534 1741.3068483398 -0.455694034373181 200
82.3560793646578 76.9028925159246 81.5206744543142 -393644.496832239 -393654.571082481 516304.728649495 1.3353057651035 1112.41536360134 1091.57401920732 8.7914912509894 3339.54426334336 -11.0896637903402 250
82.3607572668972 76.9028925159246 81.537668788283 -393645.099582138 -393655.192259041 516441.693620864 1.3377481529989 1899.17699464704 1878.30306708174 5.16292204445672 5686.99674197186 5.3713199248068 300
82.3656668307061 76.9028925159246 81.5641462843871 -393645.708495564 -393655.464908293 516640.191599581 1.29317754185456 2715.94785869585 2695.77715388254 -13.0938964329643 8151.02777274621 9.9096997743121 350
82.3700217734937 76.9028925159246 81.5868543491315 -393646.269621933 -393655.478206113 516811.352135579 1.22056483108401 3440.32361670985 3421.29181447122 5.60883306232699 10321.1772006591 -5.81518359185896 400
82.3726371845041 76.9028925159246 81.60517144105 -393646.759278977 -393655.522693547 516943.79509102 1.1615591946686 3925.8647927244 3907.75768318542 9.5007312690028 11778.2980129431 -10.2043660389607 450
82.3742811646102 76.9028925159246 81.6047315733637 -393647.202343912 -393655.882757208 516951.325690948 1.15055767317967 4091.30298290141 4073.36763321829 -17.3114102049231 12289.1328996089 2.0874593002357 500
82.3742811646102 76.9028925159246 81.6047315733637 -393647.202343912 -393655.882757208 516951.325690948 1.15055767317967 4091.30298290165 4073.36763321853 -17.3114102022171 12289.1328996072 2.08745930001584 500
82.3727801510422 76.9028925159246 81.599514438702 -393647.66032027 -393656.638674333 516908.856860979 1.19004865415681 3920.14169206002 3901.58921715916 9.01969601487593 11740.4017272695 11.003652895625 550
82.3700370781264 76.9028925159246 81.5874852245021 -393648.188744421 -393657.619399852 516815.44443722 1.24999957941206 3405.5831996165 3386.09258689895 6.13553933447501 10214.8016260982 -4.1875665831801 600
82.3659034292519 76.9028925159246 81.5689356696218 -393648.796158436 -393658.55535284 516672.012478456 1.29354624292868 2686.20620018551 2666.03098708304 -13.9418866340104 8083.57766490175 -11.0171777112143 650
82.3611712573759 76.9028925159246 81.5411972568458 -393649.452321479 -393659.291354101 516466.638198533 1.30412851257671 1932.9796764437 1912.63132518631 6.8352334835778 5788.41831754604 3.68547830149461 700
82.357084114862 76.9028925159246 81.5159024892077 -393650.119178104 -393659.865802303 516280.804373626 1.29188010714299 1242.31549292836 1222.15099831941 7.18890281836861 3709.31225586991 10.4453200967825 750
82.3539424087381 76.9028925159246 81.5020906185765 -393650.780013278 -393660.447262597 516173.63550117 1.28135925137879 728.769893753854 708.765462927473 -12.4903572386041 2201.99349146885 -3.19345296868552 800
82.3525031221397 76.9028925159246 81.4933955388991 -393651.446468321 -393661.184404866 516109.547211174 1.29072858985354 494.324848638032 474.171642566012 3.26449163149257 1489.59866687453 -9.88861259192692 850
82.3524209470653 76.9028925159246 81.492035664468 -393652.145064339 -393662.089447533 516100.41993928 1.3180923533261 558.543630387714 537.962807424793 12.0687013609135 1655.55479580952 8.00739399270554 900
82.3545759086029 76.9028925159246 81.4982947307772 -393652.892660847 -393663.056367748 516153.565602184 1.34716292466025 831.667292935792 810.634725065616 -16.6099534544147 2503.62215369583 7.98967856595839 950
82.3568183454488 76.9028925159246 81.51614206509 -393653.682110265 -393663.936025904 516280.655664491 1.35911976948111 1266.3885265607 1245.17450599713 5.42901576081163 3801.16610700564 -7.42954308435316 1000
82.3568183454488 76.9028925159246 81.51614206509 -393653.682110265 -393663.936025904 516280.655664491 1.35911976948111 1266.3885265588 1245.17450599523 5.42901576126322 3801.1661070004 -7.42954308527328 1000
82.3600382214255 76.9028925159246 81.5274911091274 -393654.483400235 -393664.61093325 516372.72223615 1.34236820563957 1776.60696676536 1755.65815117761 10.7179315397548 5326.33279285437 -7.22982409805303 1050
82.363249073117 76.9028925159246 81.5374863579597 -393655.256018498 -393665.049080538 516456.162939778 1.29803527669143 2234.39862242178 2214.14493328672 -15.305518764617 6711.9164812649 6.58490476507205 1100
82.3653291064364 76.9028925159246 81.542212605204 -393655.966487284 -393665.329122002 516499.142397442 1.24098367766159 2601.56397447306 2582.20209227872 3.8215443071811 7792.36887485817 8.50150425381523 1150
82.3665559967449 76.9028925159246 81.5490208250422 -393656.604722653 -393665.607390251 516549.960826317 1.1932713260816 2760.11666695458 2741.50102657431 10.6896632421564 8279.70115731516 -10.0408196935826 1200
82.3667377882406 76.9028925159246 81.5437835975029 -393657.189241499 -393666.024635107 516517.927047255 1.1710997581341 2766.85549137362 2748.58460567796 -13.0058737534905 8320.00254660675 -6.43019873240535 1250
82.3658678279357 76.9028925159246 81.5343304739601 -393657.75741291 -393666.634209404 516452.593842769 1.17658756233949 2598.52784240302 2580.16901669036 -0.263257733864385 7789.66508799628 6.18169694664025 1300
82.3637149202085 76.9028925159246 81.5226029484969 -393658.346022624 -393667.378315003 516364.812385964 1.19719798451271 2311.51368398479 2292.83008892029 15.3641984939106 6909.40855144069 9.76830201976824 1350
82.361584397587 76.9028925159246 81.516368035166 -393658.968008593 -393668.108218661 516311.964480577 1.2115020875684 1884.51656072372 1865.60779911624 -16.6517952526505 5679.80663204828 -9.60515462446439 1400
82.3586874210136 76.9028925159246 81.5061052824332 -393659.602930926 -393668.668976184 516228.803395783 1.20167180767351 1478.12695063381 1459.3685957281 1.31839903835362 4440.69443370521 -7.63198084212545 1450
82.3561538548725 76.9028925159246 81.4941490086981 -393660.210640056 -393669.01098373 516137.198682928 1.1664540149392 1112.90803623205 1094.69620694587 16.2495436905965 3312.13016373229 10.344401273265 1500
82.3561538548725 76.9028925159246 81.4941490086981 -393660.210640057 -393669.01098373 516137.198682928 1.1664540149392 1112.90803622893 1094.69620694274 16.2495436809298 3312.13016373396 10.3444012718929 1500
82.3545529669027 76.9028925159246 81.4887239153549 -393660.759046527 -393669.235239498 516092.806938887 1.12348900097669 797.179010350344 779.636484400494 -17.6411021762279 2402.33054912692 6.84758410034139 1550
82.3531026231688 76.9028925159246 81.488059093703 -393661.243948151 -393669.508149004 516079.507599834 1.09539020551676 624.226399027331 607.122176127328 0.661151084593001 1882.14419272575 -10.1261467283484 1600
82.3529603057041 76.9028925159246 81.4868543600078 -393661.691204688 -393669.927304507 516070.985947236 1.09166551413933 594.586526779965 577.540182458062 17.8264709748189 1773.55189874366 -7.61878937858198 1650
82.3539854645004 76.9028925159246 81.4829387438284 -393662.138536889 -393670.457277879 516052.611567398 1.10261930519763 721.114962781187 703.896962103171 -16.5804787482324 2164.76200233972 15.1633647520737 1700
82.3554794184984 76.9028925159246 81.490262608746 -393662.60609132 -393670.986162817 516108.357871924 1.1107484441006 928.735761549969 911.392693418328 -5.04189088847923 2787.49535367316 3.75382186523059 1750
82.3569779349173 76.9028925159246 81.4989897638138 -393663.083341793 -393671.426133997 516173.02217772 1.1058072075116 1231.00785566887 1213.74410231424 25.0926075752736 3681.96555617682 -14.0345967454683 1800
82.3595039714867 76.9028925159246 81.5050973662242 -393663.546189365 -393671.758478937 516227.537756417 1.08850955132189 1531.73300840928 1514.74109896101 -20.4257214664149 4620.86097519012 -5.23622849586931 1850
82.3613034421116 76.9028925159246 81.5058814108415 -393663.974581174 -393672.031798448 516243.782797653 1.0679552738521 1848.72224301499 1832.05171563834 -7.19866091717159 5535.87805437437 17.4873355877739 1900
82.3620894797629 76.9028925159246 81.516106922519 -393664.364722812 -393672.320927714 516313.476905258 1.05456644591354 2054.09965325561 2037.64034433796 29.9601881711628 6128.55995959195 3.77881200372102 1950
82.3630777918004 76.9028925159246 81.5234769128034 -393664.728849508 -393672.669840042 516366.353675575 1.05254983594728 2109.20724470278 2092.78109257455 -23.1712142547897 6370.81083569339 -20.0178873302496 2000
82.3630777918004 76.9028925159246 81.5234769128034 -393664.728849509 -393672.669840042 516366.353675575 1.05254983594728 2109.20724470436 2092.78109257614 -23.1712142565054 6370.81083569912 -20.0178873295187 2000
82.3628485566559 76.9028925159246 81.5202004135537 -393672.748619071 -393672.751376877 516344.163356898 0.000365537388420315 2100.58889999553 2100.58319515326 -13.5062902791385 6322.0825102333 -6.80951996756593 2050
82.3624769112801 76.9028925159246 81.5140135749361 -393672.789811437 -393672.792430616 516302.64656455 0.000347162770905825 2120.92605345682 2120.92063494652 30.4337358284881 6311.23989853036 21.1045260116136 2100
82.3627462153801 76.9028925159246 81.516482167791 -393672.82959965 -393672.832122955 516319.970644094 0.0003344550881619 2075.42315853175 2075.41793853788 -16.3568851762859 6235.8940064647 6.73235430682638 2150
82.36249851795 76.9028925159246 81.5219295410497 -393672.867539155 -393672.869964614 516352.921061017 0.000321485931995707 2037.72321637536 2037.71819911725 -13.3536608895733 6147.36381305547 -20.840503039801 2200
82.3620680180917 76.9028925159246 81.5186209479324 -393672.904388067 -393672.90672332 516329.265904274 0.00030952937881656 2048.47137646225 2048.46654558233 28.2247674658358 6123.81647745051 -6.627115529595 2250
82.362458543087 76.9028925159246 81.5123711338759 -393672.93965647 -393672.941913481 516292.128344545 0.000299158769732895 2039.61629617303 2039.61162681319 -13.9143611723666 6112.5571886047 20.2060610867522 2300
82.3623230227018 76.9028925159246 81.5147345459955 -393672.97402108 -393672.976207719 516306.248448072 0.000289831218358567 2012.7659135963 2012.7613899474 -13.3440257097033 6045.03621912244 6.60554737617019 2350
82.3617747722388 76.9028925159246 81.5199304105726 -393673.006969106 -393673.009084185 516335.721492171 0.000280346155904291 1990.07922318062 1990.07484782313 24.9894656134149 5964.67497548933 -19.4267715608909 2400
82.362029721824 76.9028925159246 81.5167796058713 -393673.039170781 -393673.041216852 516317.362987733 0.000271199387990818 1973.56175049455 1973.55751774001 -10.7308493414686 5937.95464307141 -6.53854224628515 2450
82.3620660862542 76.9028925159246 81.5109673246416 -393673.070102437 -393673.072088349 516280.776653523 0.000263225416587111 1978.70573318053 1978.70162458891 -12.4904901438819 5929.91080859793 18.6968810875329 2500
82.3620660862542 76.9028925159246 81.5109673246416 -393673.070102437 -393673.072088349 516280.776653523 0.000263225416587111 1978.70573318032 1978.70162458871 -12.4904901474043 5929.91080860049 18.6968810878857 2500
82.3616488643159 76.9028925159246 81.5131799102606 -393673.100355901 -393673.102286533 516292.175510635 0.00025589834015497 1965.58579904209 1965.58180490438 20.8646874534841 5869.64016018227 6.25254949051723 2550
82.3617105620352 76.9028925159246 81.5178757024615 -393673.129489981 -393673.131363593 516322.304730073 0.000248340505477966 1921.71092039998 1921.7070444534 -8.20122647564085 5791.24574161621 -17.911753940616 2600
82.3616805158221 76.9028925159246 81.514948311748 -393673.158014746 -393673.159832488 516303.574713595 0.000240935088196423 1917.29545730406 1917.29169680028 -10.7539710332427 5768.35744868875 -5.71710574332829 2650
82.3614474192468 76.9028925159246 81.5097598143782 -393673.18551369 -393673.187281312 516269.250414209 0.000234291988122504 1932.03541951904 1932.03176245734 17.3245101227823 5761.78224019509 16.9995082392353 2700
82.3615428213156 76.9028925159246 81.5117902432522 -393673.212465649 -393673.214189153 516282.708839856 0.00022844425243245 1900.18855562703 1900.18498993554 -6.66030144884281 5702.15177032254 5.07419800739861 2750
82.3613934401089 76.9028925159246 81.5158778851106 -393673.238488929 -393673.240163717 516307.662871018 0.000221987138710988 1869.17542100924 1869.17195627162 -9.36200822548045 5632.80476804148 -15.9164967882958 2800
82.361131710926 76.9028925159246 81.5131854241637 -393673.264002471 -393673.265631021 516288.968607261 0.000215858426623751 1874.5473895175 1874.54402031379 14.76228957293 5613.37823855315 -4.49835957356905 2850
82.3613139357283 76.9028925159246 81.5086591943636 -393673.288675408 -393673.290262892 516261.442561962 0.000210415375929571 1870.57909060263 1870.5758061811 -5.14579884385691 5602.0609485685 14.8221220832596 2900
82.3612382041528 76.9028925159246 81.5105107596486 -393673.312871947 -393673.314421258 516272.695333898 0.000205355528907995 1847.91239053527 1847.90918516391 -8.59061705624204 5548.27171675814 4.05607190390359 2950
82.3608983198793 76.9028925159246 81.5140068495199 -393673.336298471 -393673.337807403 516292.708308991 0.000200003505079265 1828.76229202771 1828.7591703165 12.3259976493821 5487.79346378828 -13.8325853545396 3000
82.3608983198793 76.9028925159246 81.5140068495199 -393673.336298471 -393673.337807403 516292.708308991 0.000200003505079265 1828.76229202591 1828.7591703147 12.325997643331 5487.79346378814 -13.8325853537381 3000
82.3609915868407 76.9028925159246 81.5115287548593 -393673.359288523 -393673.36075838 516277.597215929 0.00019482425817203 1819.90953190089 1819.90649093982 -3.46243928763788 5466.87684073097 -3.68580574066918 3050
82.3610309280085 76.9028925159246 81.507607764803 -393673.381567808 -393673.383002872 516253.009052215 0.000190212608232911 1820.27255805165 1820.26958893122 -7.63858699807825 5455.42268439762 13.033576755406 3100
82.3607774422741 76.9028925159246 81.5093133000318 -393673.403435132 -393673.404837382 516262.222648696 0.000185863329347883 1806.82326787818 1806.82036669952 9.8486200576744 5407.32984232878 3.29134124806659 3150
82.3607449996311 76.9028925159246 81.5122926592134 -393673.424656006 -393673.426023854 516280.889892581 0.000181303346598448 1778.7181779807 1778.71534808207 -2.35301984084691 5350.8551143023 -12.3475605193472 3200
82.3607400746038 76.9028925159246 81.5099848606341 -393673.445489299 -393673.446823662 516266.24193339 0.000176865053843891 1774.32051068497 1774.31774998372 -6.36115144868639 5332.15437762579 -2.83169412219271 3250
82.3606111209558 76.9028925159246 81.5065857214829 -393673.465722995 -393673.467027049 516243.904243379 0.000172847694640302 1780.35973142042 1780.35703330972 8.01203798941643 5321.35372640803 11.7134298638001 3300
82.3606047316499 76.9028925159246 81.5081887395377 -393673.48559543 -393673.486871513 516254.017340256 0.000169140332751031 1758.44693826827 1758.44429808031 -1.91279581988158 5274.89945855033 2.35415207435027 3350
82.3605112620684 76.9028925159246 81.5107322616043 -393673.504913935 -393673.506159736 516269.541515033 0.00016512638496718 1736.02147401089 1736.01889655597 -5.4428525361942 5224.57459016759 -11.0673155987241 3400
82.3603663363199 76.9028925159246 81.5085519787081 -393673.523892881 -393673.525109859 516254.823693199 0.000161306119245402 1737.90928436223 1737.90676646599 6.91848640059444 5208.73493547407 -1.92556878796789 3450
82.3604340339589 76.9028925159246 81.5055925508387 -393673.542357923 -393673.543548892 516236.50374562 0.000157858697708517 1734.98012983051 1734.97766565911 -1.45573267734399 5195.93570744859 10.4604147202883 3500
82.3604340339589 76.9028925159246 81.5055925508387 -393673.542357923 -393673.543548892 516236.50374562 0.000157858697708517 1734.9801298306 1734.97766565919 -1.4557326756278 5195.93570744726 10.4604147201641 3500
82.3603780746532 76.9028925159246 81.5071292299667 -393673.560503349 -393673.561669561 516245.885935235 0.000154577164928134 1716.50647182444 1716.50405892156 -5.03982661293499 5152.97453490062 1.5847071856363 3550
82.3601691027078 76.9028925159246 81.5093150874485 -393673.578171933 -393673.579312016 516258.420713625 0.000151113845147523 1701.55191233035 1701.54955354612 5.917759733848 5108.66395506532 -9.92597780810908 3600
82.3601960050251 76.9028925159246 81.5072257513467 -393673.59554193 -393673.596656988 516245.356039474 0.000147796960980895 1697.04817537235 1697.04586830404 -0.761424021702526 5093.20307572961 -1.29712559084393 3650
82.3602224075025 76.9028925159246 81.5046290605237 -393673.61246489 -393673.613557312 516229.074771139 0.000144796533131602 1695.17448002826 1695.17221972448 -4.59046986620956 5080.60315527901 9.51075467199411 3700
82.3600568418966 76.9028925159246 81.5061333995638 -393673.629107674 -393673.63017832 516237.565087761 0.000141910353160357 1682.36537530975 1682.36316009627 4.77497810349586 5041.30471329017 1.01643453559027 3750
82.3599993163787 76.9028925159246 81.5080285688917 -393673.64533524 -393673.646383078 516249.20799051 0.000138887180398195 1663.5657149456 1663.56354697259 -0.306617597301538 5000.17229682754 -9.1685343934384 3800
82.3600042238345 76.9028925159246 81.5059943861661 -393673.661298528 -393673.662324485 516236.354802435 0.000135987000074285 1660.6993680661 1660.69724531088 -3.88405295300951 4986.68429267441 -0.702135523112436 3850
82.3599269491493 76.9028925159246 81.5037013575574 -393673.676872115 -393673.677878074 516221.347047712 0.000133336268162101 1662.63653271509 1662.63445127726 3.91794619220219 4975.12282580135 8.86882615172809 3900
82.3598841690506 76.9028925159246 81.5052035704084 -393673.692198397 -393673.693185331 516230.593493142 0.000130814636587703 1645.76334419624 1645.76130215876 -0.263281553869869 4937.17997709196 0.373337050636858 3950
82.3598188883515 76.9028925159246 81.5068537135751 -393673.707159814 -393673.708126433 516240.63584011 0.000128121795652015 1629.3555121151 1629.35351215221 -3.35001698890709 4899.97226001736 -8.55570668314491 4000
82.3598188883515 76.9028925159246 81.5068537135751 -393673.707159814 -393673.708126432 516240.63584011 0.000128121795652015 1629.35551211551 1629.35351215261 -3.35001698592636 4899.97226001476 -8.55570668232069 4000
82.3597365334223 76.9028925159246 81.5048478395234 -393673.721888551 -393673.722835971 516227.415021698 0.000125577067260972 1630.85375539036 1630.85179510011 3.51045792032652 4889.10730149204 -0.056493241295457 4050
82.359759550516 76.9028925159246 81.5028200401527 -393673.736274054 -393673.737203954 516214.715811436 0.000123254955246503 1628.35791893067 1628.35599484185 -0.188110229838172 4877.01182019592 8.25004682594294 4100
82.3597100787803 76.9028925159246 81.5043378392855 -393673.750440716 -393673.75135361 516224.019016626 0.000121000782103697 1612.57242869765 1612.57053983196 -3.1859647178132 4841.12014447939 -0.216893668613998 4150
82.3595702795088 76.9028925159246 81.5057710945936 -393673.764285784 -393673.765180779 516232.220559708 0.000118628467529984 1601.09307332275 1601.09122151916 3.13344550110055 4808.10127794781 -7.95550348065109 4200
82.3595789882104 76.9028925159246 81.5037795023308 -393673.77792458 -393673.778802648 516219.661018406 0.000116384744664019 1599.65255386507 1599.65073704204 0.143379114155571 4798.35142099988 0.46286148116726 4250
82.3595970218752 76.9028925159246 81.501993748634 -393673.791259647 -393673.79212225 516208.463638646 0.000114334844866236 1597.07650475088 1597.07471988908 -3.00270804479709 4786.52620101015 7.70602128727797 4300
82.3594752722362 76.9028925159246 81.5035334634519 -393673.804400762 -393673.805248203 516217.452607512 0.000112325218736099 1584.97087077041 1584.96911731107 2.5323488271358 4753.07939030723 -0.699126823136813 4350
82.3594174670763 76.9028925159246 81.5047636994908 -393673.817257177 -393673.818088757 516224.88221124 0.000110223024180077 1571.88375481029 1571.88203419215 0.393877264703393 4722.72914182051 -7.47175465433532 4400
82.3594305005493 76.9028925159246 81.5027833449402 -393673.829929115 -393673.830745719 516212.420975521 0.000108237860137877 1571.00782183675 1571.00613216689 -2.55710543584022 4714.62499039066 0.955580555430643 4450
82.3593798665673 76.9028925159246 81.5012302891008 -393673.842332896 -393673.84313569 516202.267061633 0.000106407526973025 1570.94103453273 1570.939373403 2.02119483160584 4703.56109097735 7.24081778924353 4500
82.3593798665673 76.9028925159246 81.5012302891008 -393673.842332895 -393673.84313569 516202.267061633 0.000106407526973025 1570.94103453481 1570.93937340508 2.02119483512878 4703.56109097956 7.24081778975165 4500
82.3593241771339 76.9028925159246 81.5027864905606 -393673.854562341 -393673.85535167 516211.774484963 0.000104622801398509 1556.81525543689 1556.81362219862 0.334942543063022 4671.32902607715 -1.21820230955116 4550
82.3592772674079 76.9028925159246 81.5038155299085 -393673.866539991 -393673.86731508 516217.998056377 0.000102735325795314 1544.96422025663 1544.96261650257 -2.15800948300848 4644.02357208856 -6.97290183566994 4600
82.3592330368586 76.9028925159246 81.5018563692242 -393673.878351331 -393673.879113112 516205.31216062 0.000100971364514271 1547.06999833289 1547.06842207648 1.83189193202263 4637.90301815501 1.4750849116363 4650
82.3592354165257 76.9028925159246 81.5005348361503 -393673.889925659 -393673.890675168 516196.956930026 9.93446851612011e-05 1544.47712004823 1544.47556916069 0.257682269454582 4626.49033597116 6.68334190406528 4700
82.3591881220062 76.9028925159246 81.502089804338 -393673.901341631 -393673.902078977 516206.509145113 9.77325918151562e-05 1530.71833571066 1530.71681001803 -2.03839774011965 4595.89073884235 -1.69733397025502 4750
82.3590938095774 76.9028925159246 81.5029167071463 -393673.912535656 -393673.913260305 516211.155333794 9.60496533467379e-05 1522.43961478385 1522.43811537688 1.68115778421623 4572.01206038221 -6.3743738148776 4800
82.3590988638012 76.9028925159246 81.5009981303421 -393673.923577536 -393673.924290316 516199.035413115 9.44764947320729e-05 1523.01902430248 1523.01754941907 0.416424713733354 4566.74833616846 1.89231202524619 4850
82.3591071789247 76.9028925159246 81.4999049150027 -393673.934410655 -393673.935112465 516192.16348227 9.30223321990452e-05 1519.78842507799 1519.78697287634 -1.94538582292374 4555.23334615118 6.07731490570196 4900
82.3590139048055 76.9028925159246 81.5014360133442 -393673.945098382 -393673.945789217 516201.276314901 9.15676220226211e-05 1508.67558497564 1508.67415550918 1.31866728661559 4526.77377214075 -2.06568450044202 4950
82.3589657335292 76.9028925159246 81.5020648800045 -393673.955590791 -393673.956270266 516204.957408703 9.00620114531342e-05 1500.06791373511 1500.06650778283 0.575950012195596 4505.40942585145 -5.781634658321 5000
82.3589657335292 76.9028925159246 81.5020648800045 -393673.955590791 -393673.956270266 516204.957408703 9.00620114531342e-05 1500.06791373331 1500.06650778103 0.575950009756651 4505.40942584876 -5.78163465859764 5000
82.3589818489517 76.9028925159246 81.5002067974363 -393673.965942487 -393673.966611357 516193.289982677 8.86563143876648e-05 1500.54213058512 1500.5407465458 -1.63332397430975 4501.02096664595 2.23874908371858 5050
82.3589451570352 76.9028925159246 81.4993333119 -393673.976111097 -393673.976770069 516187.527668462 8.73443182894591e-05 1498.74916275201 1498.74779917942 0.964659326489866 4489.79296505921 5.4898638703332 5100
82.3588877542947 76.9028925159246 81.5008205630419 -393673.986144481 -393673.98679357 516196.58760321 8.60344115487644e-05 1486.97411661323 1486.97277351378 0.492028804901468 4462.83551727972 -2.40519624493059 5150
82.3588556808711 76.9028925159246 81.5012603375864 -393673.996006515 -393673.996645357 516199.171949361 8.46762171124223e-05 1479.17778935083 1479.17646746102 -1.30291438893548 4444.01720443571 -5.18092199429342 5200
82.358835328296 76.9028925159246 81.4994786852646 -393674.005737464 -393674.00636678 516187.760054543 8.34135091020652e-05 1481.37113351791 1481.3698313116 0.858710841125403 4440.69271691697 2.56197279564484 5250
82.3588244186031 76.9028925159246 81.4988120837727 -393674.015307775 -393674.015928179 516183.469669123 8.22323972188715e-05 1478.12959827207 1478.12831449396 0.353946896036286 4429.16756800384 4.86727991634643 5300
82.358779919635 76.9028925159246 81.5002400746793 -393674.024751704 -393674.025363106 516192.235135851 8.10391576238034e-05 1466.65854634204 1466.65728121377 -1.20127151203376 4403.86804358591 -2.691133047773 5350
82.3587204064979 76.9028925159246 81.5005040856413 -393674.034045385 -393674.03464757 516193.534277181 7.98174898314825e-05 1461.34936334135 1461.34811728806 0.833097485934105 4387.76519228126 -4.55019974315826 5400
82.358724227903 76.9028925159246 81.4988099496055 -393674.043216196 -393674.043809796 516182.82820746 7.86794575490535e-05 1462.68247360296 1462.68124529034 0.406579156574967 4384.84116672897 2.79967492333223 5450
82.3587216195083 76.9028925159246 81.4983332638036 -393674.052246121 -393674.052831659 516179.792710765 7.7611063158994e-05 1458.74317282623 1458.74196118584 -1.17837365999963 4373.15677197832 4.25112016036945 5500
82.3587216195083 76.9028925159246 81.4983332638036 -393674.052246121 -393674.05283166 516179.792710765 7.7611063158994e-05 1458.74317282714 1458.74196118675 -1.17837365728956 4373.15677197852 4.25112016019443 5500
82.3586506702423 76.9028925159246 81.4996922140794 -393674.061157515 -393674.061734856 516187.955111805 7.65244557438208e-05 1449.19034146923 1449.18914681152 0.64595356048977 4349.81382369408 -2.88875284688029 5550
82.3586158330802 76.9028925159246 81.4997968263451 -393674.06993693 -393674.070505955 516188.399341626 7.54222725987799e-05 1444.1163053004 1444.11512785037 0.518504706656437 4335.7942923602 -3.96388116566609 5600
82.358630482881 76.9028925159246 81.4981954326225 -393674.07860092 -393674.079162195 516178.348545922 7.43949944550156e-05 1445.06983037467 1445.06866893932 -0.996432249130265 4333.22984416531 2.97607920782817 5650
82.3586003955282 76.9028925159246 81.4978907085729 -393674.087141243 -393674.087695178 516176.229970347 7.34221244930524e-05 1441.94067402736 1441.9395277755 0.40828207063916 4321.72212306059 3.69161695084846 5700
82.3585481633545 76.9028925159246 81.4991761798663 -393674.095570011 -393674.096116488 516184.044283773 7.24335957619597e-05 1432.4375068739 1432.43637607188 0.461073001047255 4299.90848639343 -3.0570387727734 5750
82.3585282580784 76.9028925159246 81.4991370288474 -393674.10388272 -393674.104421652 516183.671559762 7.14335376525683e-05 1427.88595937423 1427.88484418388 -0.754721950062296 4287.8310250087 -3.41842493592887 5800
82.3585207894635 76.9028925159246 81.4976299178351 -393674.112086891 -393674.112618791 516174.079298997 7.05014372114286e-05 1429.76335056063 1429.76224990138 0.346947195692446 4285.8084929599 3.13461152628778 5850
82.3585021559972 76.9028925159246 81.4974809265368 -393674.120182117 -393674.120707338 516173.018863211 6.96161772938149e-05 1425.88778150353 1425.88669466261 0.319399070447353 4274.19391364395 3.15003179618043 5900
82.3584623507431 76.9028925159246 81.4986904416036 -393674.128172385 -393674.128690768 516180.429977518 6.87098497354214e-05 1416.66651547157 1416.66544279555 -0.67620014225918 4253.87089195762 -3.19514540063981 5950
82.3584272319679 76.9028925159246 81.4985215992599 -393674.13606028 -393674.136571817 516179.140491036 6.78024159183147e-05 1413.77027906886 1413.76922055676 0.388546746871298 4243.80508785366 -2.88279739394098 6000
82.3584272319679 76.9028925159246 81.4985215992599 -393674.13606028 -393674.136571817 516179.140491036 6.78024159183147e-05 1413.77027906925 1413.76922055715 0.388546747774657 4243.80508785418 -2.8827973942007 6000
82.3584306871168 76.9028925159246 81.4971096818728 -393674.143846003 -393674.14435114 516170.219623943 6.69541578193669e-05 1415.17858243734 1415.17753714994 0.314581506213468 4241.97700535373 3.24416045208146 6050
82.358419851142 76.9028925159246 81.4971014773012 -393674.151535509 -393674.152034545 516170.09974647 6.61453767870882e-05 1410.74080211791 1410.73976945695 -0.701597918895976 4230.29453985838 2.62946441425706 6100
82.3583654254872 76.9028925159246 81.4982328017805 -393674.159126221 -393674.159618984 516176.923993934 6.53139678469898e-05 1402.88522762318 1402.88420795565 0.313700979466591 4211.62032259208 -3.27834070199579 6150
82.3583432255489 76.9028925159246 81.4979473023285 -393674.166626296 -393674.167112829 516174.976619085 6.44882399363868e-05 1400.39824336846 1400.39723658821 0.406053938199015 4203.17340105965 -2.38472489247725 6200
82.3583555308522 76.9028925159246 81.4966314505459 -393674.174030205 -393674.174510906 516166.71966841 6.37152143389482e-05 1401.38522398575 1401.38422925795 -0.619255662607588 4201.46471863167 3.31020898818889 6250
82.3583281387121 76.9028925159246 81.4967503851714 -393674.181348862 -393674.18182396 516167.301276509 6.29726364811117e-05 1397.41354156122 1397.41255842772 0.150602008004469 4189.93834908492 2.15167359074568 6300
82.3582835003457 76.9028925159246 81.4978011030658 -393674.188574484 -393674.189043829 516173.67632946 6.22100390935326e-05 1389.9038459734 1389.90287475762 0.386313237217901 4172.65968184329 -3.33445716029673 6350
82.3582735187523 76.9028925159246 81.4974106343523 -393674.195719576 -393674.19618323 516171.140702128 6.14557489899768e-05 1387.76939595234 1387.76843650773 -0.444125934975261 4165.67096719663 -1.91865340463557 6400
82.3582722543086 76.9028925159246 81.4961926588638 -393674.202774223 -393674.203232539 516163.418620778 6.07480591528997e-05 1389.2140655793 1389.21311716893 0.0989544147267417 4164.187668523 3.35557380017358 6450
82.3582493741279 76.9028925159246 81.4964262721486 -393674.209752919 -393674.210206089 516164.754834186 6.00660953624112e-05 1384.87376957083 1384.87283180984 0.261762155933695 4152.67012662985 1.6894199267124 6500
82.3582493741279 76.9028925159246 81.4964262721486 -393674.209752919 -393674.210206089 516164.754834186 6.00660953624112e-05 1384.87376957158 1384.87283181059 0.261762158372831 4152.67012662964 1.6894199267378 6500
82.3582153576839 76.9028925159246 81.4973925355893 -393674.216644158 -393674.217092022 516170.661554174 5.9362786100431e-05 1377.66441122763 1377.66348445741 -0.370356285043604 4136.7254624837 -3.36187251577586 6550
82.3581971299836 76.9028925159246 81.4969082934225 -393674.223463439 -393674.223906098 516167.480325916 5.86728814954303e-05 1376.63967871126 1376.63876270618 0.160998039561286 4131.21780928667 -1.45977119243597 6600
82.3582000190053 76.9028925159246 81.4957915890193 -393674.23019776 -393674.230635518 516160.4256915 5.80232489844777e-05 1377.7722139275 1377.77130805214 0.223481819897843 4129.7348862376 3.35827372499487 6650
82.3581835195679 76.9028925159246 81.4961273027671 -393674.23686403 -393674.237297045 516162.44855593 5.73946545457516e-05 1373.01758285938 1373.01668680132 -0.413734201684825 4118.22723011347 1.23925266635762 6700
82.3581419257139 76.9028925159246 81.4970042736484 -393674.243448223 -393674.243876341 516167.742239924 5.6745461238383e-05 1366.84928952239 1366.84840360877 0.152971650472508 4103.73413665192 -3.33923973522436 6750
82.3581304479747 76.9028925159246 81.4964380780292 -393674.249967675 -393674.250391019 516164.084260479 5.61127467003609e-05 1366.23870216277 1366.23782612092 0.296127790253603 4099.44438519509 -1.02440649704232 6800
82.3581397120981 76.9028925159246 81.4954264007397 -393674.256407523 -393674.256826362 516157.734783426 5.55156158650761e-05 1366.92448303477 1366.92361630477 -0.393795758041398 4097.85263462318 3.31461023918529 6850
82.3581132493925 76.9028925159246 81.4958510437846 -393674.262785936 -393674.263200387 516160.258444936 5.49338930060066e-05 1362.46046833107 1362.45961068733 0.0384041903331769 4086.52358175292 0.819419049951556 6900
82.3580771923988 76.9028925159246 81.4966340705273 -393674.269087525 -393674.269497453 516164.99182424 5.4334521314275e-05 1356.79290115074 1356.79205287234 0.30795451316496 4073.35051859355 -3.27976965450332 6950
82.3580750826626 76.9028925159246 81.4959982354906 -393674.275330384 -393674.275735922 516160.951493452 5.37526513496513e-05 1356.40742576877 1356.40658656804 -0.266757129297346 4070.10580808229 -0.616773646678358 7000
82.3580750826626 76.9028925159246 81.4959982354906 -393674.275330384 -393674.275735922 516160.951493452 5.37526513496513e-05 1356.40742576965 1356.40658656892 -0.266757126496837 4070.10580808241 -0.616773646957844 7000
82.3580756206356 76.9028925159246 81.4950949986306 -393674.281498914 -393674.281900295 516155.234147372 5.3201619824432e-05 1357.22478081889 1357.22395021181 -0.0187253538819172 4068.45293925149 3.24012855905467 7050
82.3580504853763 76.9028925159246 81.4955951464073 -393674.287611436 -393674.288008752 516158.244341567 5.26628777007294e-05 1352.62790956151 1352.6270873703 0.208606765664647 4057.25528686534 0.419835053522923 7100
82.3580232927171 76.9028925159246 81.4962801582088 -393674.293652344 -393674.29404547 516162.412488797 5.210743541419e-05 1347.32070000851 1347.31988649563 -0.19056224527463 4045.34011243084 -3.18745016003445 7150
82.358016796952 76.9028925159246 81.4955873171991 -393674.299639439 -393674.30002852 516157.983621055 5.15713176913342e-05 1347.64209860329 1347.64129345349 0.0410758014501964 4043.11061883052 -0.225398822113849 7200
82.3580178588466 76.9028925159246 81.4947951560032 -393674.305557394 -393674.30594263 516152.973067987 5.10615990217362e-05 1348.17770529204 1348.17690809241 0.147670931630419 4041.25905261917 3.12639232530956 7250
82.3579977676336 76.9028925159246 81.4953570550984 -393674.311423776 -393674.311805235 516156.405978897 5.05610458395167e-05 1343.33799881418 1343.3372094347 -0.230356494704219 4030.20391929546 0.0404336417892975 7300
82.3579673684448 76.9028925159246 81.4959412041847 -393674.317223674 -393674.317601246 516159.915206971 5.00458596680534e-05 1338.87739697276 1338.87661564188 0.0729637991614529 4019.61151432489 -3.05228720577672 7350
82.3579641272116 76.9028925159246 81.4952043398406 -393674.322973738 -393674.323347573 516155.227914567 4.95505459263909e-05 1339.51150100255 1339.51072739763 0.198670671310258 4018.19839101013 0.137441326208969 7400
82.357969227756 76.9028925159246 81.4945244396117 -393674.328659774 -393674.329030047 516150.953687775 4.9078411176335e-05 1339.59535992499 1339.5945936849 -0.249997891274805 4016.06288460357 2.97319306267976 7450
82.3579435123144 76.9028925159246 81.4951343172481 -393674.33429781 -393674.334664564 516154.655223958 4.8611878562635e-05 1334.99367810659 1334.99291915572 -0.00213201884297867 4005.28736779834 -0.304201459734033 7500
82.3579435123144 76.9028925159246 81.4951343172481 -393674.33429781 -393674.334664564 516154.655223958 4.8611878562635e-05 1334.99367810718 1334.99291915631 -0.00213201730719664 4005.28736779839 -0.30420145954206 7500
82.3579166105836 76.9028925159246 81.4956164145331 -393674.33987439 -393674.340237537 516157.540018169 4.81338091383241e-05 1331.09107689219 1331.09032540936 0.233794671651384 3995.92517882135 -2.88574281643416 7550
82.3579200063772 76.9028925159246 81.494848228089 -393674.345404339 -393674.345764026 516152.695943773 4.76751811528686e-05 1331.82098798904 1331.82024365949 -0.165233178859192 3995.16281172363 0.465385422352396 7600
82.3579193052322 76.9028925159246 81.4942802033137 -393674.350875254 -393674.35123163 516149.093929309 4.7236428965511e-05 1331.83888356434 1331.83814607967 -0.064519086719346 3992.78581540286 2.79535437688689 7650
82.3578937744424 76.9028925159246 81.4949248870937 -393674.356301023 -393674.356654116 516153.01706769 4.68012585211143e-05 1327.28016916672 1327.27943848175 0.163559145867691 3982.29494944154 -0.618001087253527 7700
82.3578740339208 76.9028925159246 81.4953052185678 -393674.361670231 -393674.362019969 516155.302201713 4.63564619935682e-05 1323.76616314987 1323.7654394125 -0.0871446912877326 3974.08177172115 -2.69613758024966 7750
82.3578750418881 76.9028925159246 81.4945178409866 -393674.366995381 -393674.367341908 516150.321616652 4.59308958375136e-05 1324.88720261783 1324.88648551766 -0.0210996087927304 3973.91715176708 0.765555695190873 7800
82.3578731399669 76.9028925159246 81.4940600306842 -393674.372266319 -393674.372609764 516147.410128591 4.55223248201629e-05 1324.6410158264 1324.64030510108 0.0919899998272478 3971.23884245964 2.59221501974855 7850
82.3578516195317 76.9028925159246 81.4947269206952 -393674.377494414 -393674.377834788 516151.499043154 4.51153348256276e-05 1320.01021044204 1320.0095060765 -0.113204151497899 3961.04670972471 -0.902874247086988 7900
82.3578312068181 76.9028925159246 81.4950070159672 -393674.38267065 -393674.383007899 516153.145111933 4.47010901956811e-05 1317.18175674625 1317.18105885035 0.0322843018108306 3953.9926196486 -2.47963371166872 7950
82.3578333903194 76.9028925159246 81.4942120579603 -393674.38780491 -393674.388139171 516148.123885632 4.43051594619982e-05 1318.47759915054 1318.47690742938 0.120046432473235 3954.28039057426 1.03236044487803 8000
82.3578333903194 76.9028925159246 81.4942120579603 -393674.38780491 -393674.388139171 516148.123885632 4.43051594619982e-05 1318.47759915013 1318.47690742898 0.12004643066641 3954.28039057414 1.03236044559229 8000
82.3578337772624 76.9028925159246 81.4938616356865 -393674.392889564 -393674.393220951 516145.906891691 4.39241684584084e-05 1317.82151837324 1317.82083259742 -0.155686074900274 3951.25572927018 2.36451192445188 8050
82.3578095242593 76.9028925159246 81.4945387777519 -393674.397933253 -393674.398261761 516150.043611047 4.35426362226475e-05 1313.43467678218 1313.43399696856 -0.00865237756537584 3941.46314555934 -1.15046283523724 8100
82.35779152839 76.9028925159246 81.4947213780892 -393674.402929541 -393674.403255137 516151.087336753 4.31565355220821e-05 1311.13718384072 1311.1365100565 0.168627483491307 3935.48692376064 -2.2439997219598 8150
82.3577980108835 76.9028925159246 81.4939297691594 -393674.407885576 -393674.408208388 516146.114266682 4.27875037485799e-05 1312.41397212928 1312.41330410016 -0.108179579335151 3936.08864825368 1.26144771349896 8200
82.3577945051881 76.9028925159246 81.4936828423267 -393674.412796346 -393674.41311647 516144.528371984 4.24312648335118e-05 1311.60442098009 1311.60375851078 -0.072994694912134 3932.76355112501 2.1227065101583 8250
82.3577702649756 76.9028925159246 81.4943590179642 -393674.41766772 -393674.417985144 516148.659048869 4.20733477047366e-05 1307.38689417569 1307.38623729972 0.129357246851187 3923.39414236903 -1.36281708880302 8300
82.3577578629198 76.9028925159246 81.4944478634361 -393674.422495876 -393674.422810579 516149.144030522 4.17127533720397e-05 1305.45872967145 1305.45807842592 -0.0330607324903099 3918.40560718048 -1.99635743364961 8350
82.3577628925538 76.9028925159246 81.4936698615307 -393674.427285249 -393674.427597352 516144.248037923 4.13680884667491e-05 1306.89034924044 1306.88970336991 -0.0513264659958999 3919.26440705669 1.45796713062725 8400
82.3577575582142 76.9028925159246 81.4935216908329 -393674.432033389 -393674.432342974 516143.276160599 4.10344000128419e-05 1305.85126529592 1305.85062463398 0.0568767828791989 3915.62866160979 1.86825749507307 8450
82.3577366211406 76.9028925159246 81.4941864042442 -393674.436743506 -393674.437050553 516147.354940534 4.06979542390171e-05 1301.70388687401 1301.70325146995 -0.0408447475352315 3906.69529517314 -1.54278980358612 8500
82.3577366211406 76.9028925159246 81.4941864042442 -393674.436743506 -393674.437050553 516147.354940534 4.06979542390171e-05 1301.70388687434 1301.70325147028 -0.0408447450056724 3906.69529517125 -1.54278980323323 8500
82.3577248432293 76.9028925159246 81.4941860714838 -393674.441414264 -393674.441718767 516147.279019177 4.03608090380769e-05 1300.31421875076 1300.31358861035 0.00919380055641337 3902.66876693535 -1.73530448362589 8550
82.3577297818518 76.9028925159246 81.4934312784284 -393674.446047553 -393674.446349622 516142.529452433 4.00381448720818e-05 1301.78742547111 1301.7868003626 0.062784192949015 3903.67967818209 1.61981403827431 8600
82.3577256053434 76.9028925159246 81.4933763107626 -393674.450643302 -393674.450943009 516142.155137606 3.97251284885365e-05 1300.40984125773 1300.40922103584 -0.0925395272746477 3899.72027335078 1.60178994968836 8650
82.3577038314659 76.9028925159246 81.4940197583881 -393674.455202289 -393674.455499606 516146.09398396 3.94083243540784e-05 1296.53553735308 1296.5349220821 -0.00238242225195327 3891.29455957894 -1.68556509744636 8700
82.3576938039137 76.9028925159246 81.4939356909736 -393674.459725416 -393674.460020353 516145.498695286 3.90927514745515e-05 1295.60097038207 1295.60036003733 0.115098933767305 3888.15356464487 -1.46575243244507 8750
82.357701204785 76.9028925159246 81.4932130595593 -393674.464212322 -393674.464504976 516140.968258529 3.87902318579632e-05 1296.95777956621 1296.95717393932 -0.076744625891677 3889.20625146902 1.74383185549995 8800
82.3576944239784 76.9028925159246 81.4932449096254 -393674.468665013 -393674.468955446 516141.127486606 3.84959248795202e-05 1295.41395121531 1295.41335018358 -0.0628184403057309 3884.97377279281 1.33089929343108 8850
82.3576729156991 76.9028925159246 81.4938580635243 -393674.473082162 -393674.473370344 516144.876129542 3.81974505897663e-05 1291.79836117134 1291.79776480398 0.103879043703885 3877.08339038606 -1.79218591574121 8900
82.357667125365 76.9028925159246 81.493696544406 -393674.477466582 -393674.477752532 516143.816852609 3.79015656223558e-05 1291.17678732872 1291.17619557972 -0.00972586885231399 3874.73436487031 -1.19427701530617 8950
82.3576733898814 76.9028925159246 81.4930141534622 -393674.481816015 -393674.482099821 516139.534160374 3.76174273566704e-05 1292.51611766821 1292.51553035053 -0.0630871728869009 3875.77751701252 1.8339231650024 9000
82.3576733898814 76.9028925159246 81.4930141534622 -393674.481816015 -393674.482099821 516139.534160374 3.76174273566704e-05 1292.51611767029 1292.51553035261 -0.0630871671049638 3875.77751701274 1.83392316524237 9000
82.3576647669427 76.9028925159246 81.4931257228635 -393674.486134176 -393674.486415891 516140.186749559 3.73402740769151e-05 1290.79729828405 1290.79671529428 0.0386284485927566 3871.29457489819 1.05869150536335 9050
82.3576461309484 76.9028925159246 81.4937005131308 -393674.490418035 -393674.490697625 516143.710414563 3.70586575564474e-05 1287.36091191967 1287.3603333307 0.000630571535257737 3863.94787543743 -1.86577024995186 9100
82.3576414472157 76.9028925159246 81.4934685090552 -393674.494671907 -393674.494949402 516142.211653846 3.67808887548859e-05 1287.13795770254 1287.13738344865 -0.00545286615846089 3862.34085075588 -0.921524782090768 9150
82.3576468427038 76.9028925159246 81.492833539615 -393674.498892068 -393674.499167545 516138.22386267 3.65134912483766e-05 1288.40548241266 1288.40491232919 0.024159702418903 3863.30210146011 1.89018607543428 9200
82.3576387705097 76.9028925159246 81.4930171360872 -393674.503083507 -393674.503357012 516139.336089668 3.62521076253751e-05 1286.43975350673 1286.43918750545 -0.0489715124366944 3858.58195548527 0.786276547353906 9250
82.3576205061576 76.9028925159246 81.4935463774411 -393674.507241944 -393674.507513442 516142.573596965 3.59860813859282e-05 1283.30890106923 1283.30833922492 0.0064613948953848 3851.82452295094 -1.90428113814876 9300
82.3576170674706 76.9028925159246 81.4932514879887 -393674.511372752 -393674.51164228 516140.684352566 3.57249620085003e-05 1283.43420216479 1283.43364439526 0.0716526654819655 3850.88236568699 -0.651411858092753 9350
82.3576235419011 76.9028925159246 81.4926702093023 -393674.515471195 -393674.515738822 516137.04337675 3.5473010302673e-05 1284.51181995873 1284.51126611897 -0.0582479193621486 3851.68234648765 1.91136130788873 9400
82.3576138181839 76.9028925159246 81.4929175348718 -393674.519543088 -393674.519808851 516138.548884072 3.52260030910039e-05 1282.41905152138 1282.41850153976 -0.0442586174742736 3846.78148184125 0.519931340381972 9450
82.3575962030332 76.9028925159246 81.4933951413894 -393674.523583357 -393674.523847224 516141.463427925 3.4974597840823e-05 1279.60196434305 1279.60141828968 0.0833111160547744 3840.63187311324 -1.90929120014836 9500
82.3575962030332 76.9028925159246 81.4933951413894 -393674.523583357 -393674.523847224 516141.463427925 3.4974597840823e-05 1279.60196434299 1279.60141828962 0.0833111142479259 3840.63187311614 -1.90929120141033 9500
82.3575958070852 76.9028925159246 81.4930455243003 -393674.527597985 -393674.527859997 516139.246633601 3.47287420260619e-05 1279.9553559295 1279.95481371231 -0.00467495880060716 3840.26058866755 -0.389845920261586 9550
82.357601164752 76.9028925159246 81.4925230598482 -393674.531581678 -393674.531841897 516135.971162041 3.44909907964138e-05 1280.90070981186 1280.90017130325 -0.0626232164625746 3840.86353606861 1.90121658344382 9600
82.3575899617499 76.9028925159246 81.4928254071669 -393674.535540631 -393674.535799086 516137.815880603 3.42572449292038e-05 1278.70616982253 1278.70563496531 0.0305463405594369 3835.82480714668 0.263155980357272 9650
82.3575749150665 76.9028925159246 81.4932464472861 -393674.539469427 -393674.539726087 516140.388255166 3.40194109772795e-05 1276.13918522398 1276.1386540827 0.0217637386249235 3830.28028139419 -1.88448946086788 9700
82.3575755930591 76.9028925159246 81.4928505670749 -393674.54337422 -393674.543629131 516137.885182707 3.37876180653826e-05 1276.75401933951 1276.75349181463 -0.0161072348536248 3830.41624273277 -0.138077479393627 9750
82.3575796580928 76.9028925159246 81.4923910053437 -393674.547249596 -393674.547502812 516135.000007606 3.35629123679851e-05 1277.54755266613 1277.54702864664 0.000738542505481243 3830.78029445791 1.8616249979717 9800
82.3575687808537 76.9028925159246 81.4927394357669 -393674.551101708 -393674.551353254 516137.138636313 3.33414090480686e-05 1275.21139519848 1275.21087463949 -0.0179938819148722 3825.63496610389 0.017213373453679 9850
82.3575548271757 76.9028925159246 81.4931000277855 -393674.554925214 -393674.55517506 516139.335010108 3.31162223634304e-05 1272.96561828041 1272.96510123946 0.0127187284263748 3820.71437242642 -1.83023631361897 9900
82.3575562744975 76.9028925159246 81.4926666253228 -393674.558726042 -393674.558974237 516136.599111191 3.28973590124762e-05 1273.80642503965 1273.80591141307 0.0370189487079842 3821.28150789045 0.100748279794858 9950
82.3575604565182 76.9028925159246 81.4922729423902 -393674.562499044 -393674.562745635 516134.131915523 3.26847608013467e-05 1274.36945777121 1274.36894746149 -0.0449836597737868 3821.36014470442 1.79321226899329 10000
