# Fix print output for fix def0
82.3697449638842 78.0982518281602 80.3990471392354 -393666.028160159 -393672.819262544 517201.690361407 0.900136282908444 1734.03712240279 1720.01223314064 0
82.3759039942444 78.0582014826576 80.4375700551117 -393664.803232599 -393671.24283114 517222.818640015 0.85354570808751 2915.90443276414 2902.60600755996 50
82.382379226686 78.0181511371551 80.4853196227008 -393662.928625466 -393669.196900378 517304.97804442 0.830837375112035 3966.14688582233 3953.20431720747 100
82.3864558400666 77.9781007916526 80.5362972712631 -393660.529915733 -393667.031963001 517392.504256122 0.861823063001814 4833.0897160014 4819.66673151926 150
82.3896605377568 77.9380504461501 80.5845221295051 -393657.778571083 -393665.186042942 517456.54736258 0.981833847696468 5345.70439665535 5330.41412426814 200
82.3899745094913 77.8980001006476 80.6226815903097 -393655.002964091 -393663.959583575 517437.518725849 1.18716781355433 5531.63749354723 5513.14883905559 250
82.3886912071322 77.8579497551451 80.6629553604201 -393652.707802639 -393663.359351281 517421.769552868 1.41182459902537 5285.25050522622 5263.26243292029 300
82.3848284359718 77.8178994096425 80.7039740579004 -393650.904615266 -393663.203771802 517394.331115364 1.63020912073675 4713.67277402223 4688.28218585404 350
82.379590825735 77.77784906414 80.7465804461496 -393649.751669756 -393663.211283553 517368.160900051 1.78402357169098 3869.86446442578 3842.07680300884 400
82.3741056577145 77.7377987186375 80.7777074053563 -393649.277287245 -393663.082181772 517266.644486087 1.82978929509704 2912.91503358562 2884.40893931403 450
82.3677995433571 77.697748373135 80.8055068149756 -393649.360362851 -393662.638340248 517138.481561388 1.75994831792986 2004.77084501156 1977.34600090935 500
82.3677995433571 77.697748373135 80.8055068149756 -393649.340339449 -393662.618316847 517138.481561388 1.75994831792986 2037.60109772763 2010.17625362542 500
82.3633562958133 77.6579034138143 80.8326677183346 -393649.807366367 -393661.922273737 517019.126034272 1.6057875540244 1183.65952271766 1158.63115154065 550
82.359109171113 77.6180584544936 80.8676513562446 -393650.409784656 -393661.13697561 516950.840270308 1.42185071641593 621.462078819514 599.297684685643 600
82.3575514742913 77.5782134951729 80.9026500814236 -393651.007252625 -393660.541512661 516899.305209334 1.2637319985186 333.293979845094 313.59244130477 650
82.3573794885676 77.5383685358521 80.9391284751932 -393651.483310906 -393660.267456235 516865.687393761 1.16430698233396 391.430975936879 373.278289386367 700
82.3592281027969 77.4985235765314 80.9801591725264 -393651.753915814 -393660.210402264 516873.566632256 1.1208769722326 728.227591117919 710.752287372372 750
82.3622848386943 77.4586786172107 81.030773483695 -393651.74811425 -393660.089853789 516949.898657638 1.10566768042383 1271.37685507839 1254.14122084125 800
82.365817326458 77.41883365789 81.083654742171 -393651.404347651 -393659.632609011 517043.344675357 1.09062655453673 1957.89596108136 1940.89786717812 850
82.3701639884602 77.3789886985693 81.1328705805814 -393650.675469589 -393658.732606892 517118.198932669 1.06794467404725 2653.84816751947 2637.20599419429 900
82.3730841672714 77.3391437392486 81.1800589927894 -393649.569297524 -393657.502421114 517170.86283591 1.05150710082064 3300.28875286311 3283.90440086791 950
82.3758677055049 77.2992987799279 81.2252381689783 -393648.168573902 -393656.215041311 517209.567458196 1.06653041770844 3724.2493199641 3707.63212157166 1000
82.3758677055049 77.2992987799279 81.2252381689783 -393648.131329542 -393656.17779695 517209.567458196 1.06653041770844 3756.86316698668 3740.24596859424 1000
82.3763920886654 77.2596581535276 81.2672328286247 -393646.66388788 -393655.160792193 517214.892411294 1.12623421514554 3930.5957226801 3913.04848314425 1050
82.3759867092173 77.2200175271272 81.2983896084461 -393645.253480772 -393654.468306915 517145.164857088 1.2213921808618 3891.90612917388 3872.87371957607 1100
82.3741617919565 77.1803769007269 81.3258710084541 -393644.08856712 -393654.079576473 517042.957133623 1.32427248355348 3640.92645249368 3620.28682584293 1150
82.3713567750287 77.1407362743266 81.3506050609 -393643.237432088 -393653.820742357 516916.966031327 1.4027798472988 3250.24601393644 3228.37747137899 1200
82.3683146676291 77.1010956479263 81.38054028119 -393642.70417887 -393653.541000535 516822.3642451 1.43638187432531 2764.02006938766 2741.62359146386 1250
82.3649471755396 77.0614550215259 81.4077326269514 -393642.43389254 -393653.205406982 516708.121751565 1.42772563591961 2336.04138900423 2313.77495968373 1300
82.3628380863342 77.0218143951256 81.4384759405655 -393642.346351558 -393652.8589138 516624.128750312 1.39340244983499 1961.53343641913 1939.79876932241 1350
82.3607305647022 76.9821737687253 81.4706006283569 -393642.356333243 -393652.543459987 516548.70679882 1.35026714094907 1769.09860535782 1748.03369917364 1400
82.3602842787051 76.942533142325 81.5107915485232 -393642.378739292 -393652.271172361 516534.6117112 1.31120655043157 1688.57798437856 1668.12188659161 1450
82.3604045822859 76.9028925159246 81.5512808213816 -393642.342598424 -393652.009328589 516525.697378271 1.28129043944707 1801.27465206289 1781.28492972923 1500
82.3604045822859 76.9028925159246 81.5512808213816 -393642.324600077 -393651.991330243 516525.697378271 1.28129043944707 1833.50969334117 1813.51997100751 1500
82.3615141018129 76.8634551745846 81.5928405063178 -393642.184585288 -393651.677597158 516530.864834662 1.25826470197768 2042.713709776 2023.08341393345 1550
82.363205564412 76.8240178332446 81.6363049830688 -393641.853598441 -393651.18480719 516551.464420993 1.23681827813467 2374.96105753921 2355.66611869439 1600
82.3648951232089 76.7845804919046 81.6810325257243 -393641.311932122 -393650.498406546 516579.758186153 1.21763426202518 2750.0451728956 2731.05055401842 1650
82.366848429514 76.7451431505646 81.7238783732923 -393640.561037532 -393649.635950422 516597.521662067 1.20284718051113 3094.40238793996 3075.63908696663 1700
82.367890752567 76.7057058092246 81.7615652659091 -393639.625632228 -393648.641371581 516576.698647218 1.19500394030991 3408.67882881797 3390.03712371116 1750
82.3689224911182 76.6662684678845 81.8003136542305 -393638.563337841 -393647.597105254 516562.266975084 1.19739349505312 3583.22918928413 3564.54968598414 1800
82.3686875142053 76.6268311265445 81.8366096445067 -393637.445741218 -393646.607253517 516524.160694137 1.21432562187349 3673.84885383689 3654.90380947148 1850
82.3682240381771 76.5873937852045 81.8721732841736 -393636.355629938 -393645.753154426 516479.766089799 1.24560819164507 3633.41971492122 3613.98495176609 1900
82.3671497952633 76.5479564438645 81.9027912343454 -393635.364249191 -393645.063073366 516400.128720828 1.28554438538934 3525.24776708991 3505.18680104596 1950
82.3656597109748 76.5085191025245 81.9353040086507 -393634.516842265 -393644.49292619 516329.628161307 1.32229417151785 3341.12148033565 3320.4842151028 2000
82.3656597109748 76.5085191025245 81.9353040086507 -393634.483541804 -393644.459625728 516329.628161307 1.32229417151785 3373.15099101073 3352.51372577788 2000
82.3642645866015 76.4692840037583 81.9649698268613 -393633.831559073 -393643.960316082 516242.948103058 1.34253044175192 3127.13588061275 3106.17926640078 2050
82.3626406380579 76.4300489049922 81.9941852595364 -393633.269608233 -393643.381312126 516151.809777993 1.34027011229845 2945.20265350106 2924.27762841422 2100
82.3619258613346 76.390813806226 82.0221382415873 -393632.779266478 -393642.755152505 516058.239595814 1.32226794089215 2810.21747908392 2789.56977057276 2150
82.3611404721593 76.3515787074599 82.0537131025831 -393632.304321365 -393642.141997733 515986.823774842 1.3039487458043 2777.05565831796 2756.69119271062 2200
82.3614789000348 76.3123436086937 82.0862825444565 -393631.805364539 -393641.59262728 515928.496021858 1.29726660033205 2830.27431891002 2810.01192146062 2250
82.3619386258394 76.2731085099275 82.120343264782 -393631.252127272 -393641.097470869 515880.085235084 1.30496500969219 2996.31187150426 2975.92731755145 2300
82.3630384229695 76.2338734111614 82.1568244932455 -393630.626268445 -393640.585449779 515850.660491072 1.32005379367245 3214.62450634383 3194.00307781278 2350
82.3641359073974 76.1946383123952 82.1953656198734 -393629.908971609 -393639.969782428 515833.911824939 1.33352441778603 3463.40388213235 3442.57134373024 2400
82.3651036054938 76.1554032136291 82.2344166238497 -393629.09280493 -393639.218712882 515819.298865414 1.3421528094528 3703.5519450667 3682.58401851048 2450
82.3660678054628 76.1161681148629 82.2721636911005 -393628.184345225 -393638.372341671 515796.236228826 1.35038241688665 3895.57996166334 3874.48252389925 2500
82.3660678054628 76.1161681148629 82.2721636911005 -393628.145584172 -393638.333580618 515796.236228826 1.35038241688665 3927.36776257354 3906.27032480945 2500
82.3662525280694 76.0771342215303 82.3097473840598 -393627.226845007 -393637.5071029 515768.388290069 1.36261134099569 4022.88738919777 4001.59774577787 2550
82.3663939255753 76.0381003281976 82.3439237753064 -393626.254013009 -393636.653308342 515718.687393697 1.3783893268979 4066.15316106627 4044.61492454925 2600
82.3657803571749 75.9990664348649 82.3760477975781 -393625.306647729 -393635.802541488 515651.192719584 1.39119310220846 4048.13869312402 4026.3975438547 2650
82.365230823553 75.9600325415323 82.4048566205647 -393624.404462413 -393634.916941578 515563.151844149 1.3933914383533 3968.35353910492 3946.57431637155 2700
82.3642133450242 75.9209986481996 82.4332748021616 -393623.545469035 -393633.954895819 515469.555499714 1.37973221455475 3871.27996596568 3849.7103261497 2750
82.3634876670254 75.8819647548669 82.4594355471718 -393622.704009292 -393632.904470135 515363.495723259 1.35203452795345 3789.39508446775 3768.25409849346 2800
82.3629452731497 75.8429308615343 82.4885034190556 -393621.846333313 -393631.79053541 515276.575937315 1.31806834955787 3742.1266547296 3721.51330175202 2850
82.3626168800175 75.8038969682016 82.5190459371799 -393620.940307756 -393630.652055766 515200.015774036 1.28725739331221 3770.10564149849 3749.97115138684 2900
82.3629048883783 75.7648630748689 82.5534812160134 -393619.961516314 -393629.518206157 515151.406677811 1.26670498908388 3849.046455201 3829.23156364853 2950
82.3632767524407 75.7258291815363 82.5892311455223 -393618.898153459 -393628.396340135 515111.299762314 1.25895060388848 4005.03493302589 3985.33980889588 3000
82.3632767524407 75.7258291815363 82.5892311455223 -393618.858366392 -393628.356553067 515111.299762314 1.25895060388848 4036.56951096555 4016.87438683554 3000
82.3641106820075 75.6869954618154 82.6280175878488 -393617.757112996 -393627.280264471 515094.14371685 1.26225959858685 4173.73410243967 4153.98655442926 3050
82.3647033424564 75.6481617420945 82.6664994004396 -393616.536452346 -393626.131020971 515073.332231851 1.27172568584218 4375.07194820814 4355.17550315651 3100
82.3655702255567 75.6093280223736 82.705309591234 -393615.242966028 -393624.926006662 515056.03401957 1.28345233367363 4545.7353626674 4525.65477708861 3150
82.3659754231942 75.5704943026528 82.7436789677417 -393613.893283628 -393623.654632387 515032.856306236 1.29383179498324 4689.88208453001 4669.63819342099 3200
82.366238505771 75.5316605829319 82.7802331797203 -393612.502350545 -393622.317163164 514997.2516777 1.30091823789176 4783.0736604468 4762.71748433355 3250
82.366231485005 75.492826863211 82.8149384968128 -393611.090497423 -393620.921857528 514948.227722161 1.30311154794385 4824.38426427998 4803.99182703969 3300
82.3659028290559 75.4539931434901 82.8473633666554 -393609.669550286 -393619.47424829 514882.798503008 1.2995775819878 4827.94614224097 4807.60642379438 3350
82.3655082869814 75.4151594237693 82.8789959402344 -393608.248377762 -393617.974248796 514811.829115818 1.28912934962182 4793.11096819845 4772.93199388632 3400
82.3649381884952 75.3763257040484 82.9082518986783 -393606.821800998 -393616.420889665 514724.805991459 1.27232480114494 4765.3790055078 4745.45970869297 3450
82.3646239772231 75.3374919843275 82.9390563026068 -393605.37888392 -393614.818047729 514648.804059799 1.25112733450649 4733.13279220014 4713.5424666345 3500
82.3646239772231 75.3374919843275 82.9390563026068 -393605.33188461 -393614.77104842 514648.804059799 1.25112733450649 4764.43734066736 4744.84701510172 3500
82.3642380056441 75.2988574116881 82.9695889864387 -393603.914025841 -393613.186094985 514571.833043998 1.22897953548312 4743.91975233685 4724.67334158584 3550
82.3642715770099 75.2602228390487 83.0022771427087 -393602.39717866 -393611.515927185 514510.650373703 1.20865743690954 4787.69323331887 4768.76282557949 3600
82.3644891447597 75.2215882664093 83.0367222027211 -393600.808730399 -393609.795835595 514461.293915418 1.19120858547342 4886.68213251297 4868.02322474628 3650
82.364950975052 75.1829536937699 83.0749833269486 -393599.129975806 -393608.004550434 514436.874272459 1.17629306186181 5017.50726931209 4999.08112138585 3700
82.3656122754884 75.1443191211305 83.1142096839266 -393597.348519854 -393606.128382833 514419.430728904 1.16373937215817 5184.60931830518 5166.37920062718 3750
82.3662564496532 75.1056845484911 83.1560537237015 -393595.458007615 -393604.172604186 514417.823670633 1.15508854366918 5359.16720779932 5341.07254986525 3800
82.3670006628889 75.0670499758517 83.1985244387744 -393593.467697128 -393602.158709939 514420.449760635 1.1519626008987 5520.75730780965 5502.71171042154 3850
82.3674049908047 75.0284154032123 83.2399396854077 -393591.395533662 -393600.105231663 514414.160091441 1.15443925586204 5668.07344460885 5649.98882908344 3900
82.3678376944612 74.9897808305729 83.2798317944466 -393589.268669253 -393598.013334995 514398.375928195 1.15907410463545 5766.86790003799 5748.71012115438 3950
82.3677983025029 74.9511462579335 83.3176325334665 -393587.108477752 -393595.872165043 514366.478282121 1.1615953427883 5829.66538590578 5811.46698142963 4000
82.3677983025029 74.9511462579335 83.3176325334665 -393587.05061959 -393595.814306882 514366.478282121 1.1615953427883 5860.75336343338 5842.55495895724 4000
82.367699487368 74.9127098111095 83.3525248505679 -393584.946408856 -393593.681654343 514317.383224873 1.15782548356149 5840.44009837696 5822.29902375759 4050
82.3672898259996 74.8742733642855 83.3848956005167 -393582.770893765 -393591.419167722 514250.575574411 1.14629771887556 5835.62969279048 5817.66690453595 4100
82.366972013549 74.8358369174615 83.4177378345582 -393580.575903667 -393589.087824359 514187.043203265 1.12822458229795 5810.54953972199 5792.86777782623 4150
82.3667128950564 74.7974004706375 83.4504139757223 -393578.345753062 -393586.69890269 514122.646451204 1.10718004680199 5808.19087128293 5790.8367501385 4200
82.3666093488017 74.7589640238135 83.4857191669108 -393576.06347876 -393584.264366274 514075.202890268 1.08699824929594 5836.13355466131 5819.09419390901 4250
82.3668571735962 74.7205275769895 83.5243141298259 -393573.710450199 -393581.790039003 514049.975600615 1.07092054000471 5902.65669796259 5885.86854126495 4300
82.367227538029 74.6820911301655 83.5667823461444 -393571.273211291 -393579.271767457 514049.094265319 1.06017995427636 6012.47598952488 5995.8561778296 4350
82.3679095919726 74.6436546833415 83.6116585548619 -393568.742930945 -393576.695377201 514064.694142147 1.05406825102248 6153.87966321553 6137.35616250314 4400
82.3685114841999 74.6052182365175 83.6594666555365 -393566.117834126 -393574.040990354 514097.526578375 1.0501859627549 6307.86285074661 6291.4012598893 4450
82.3692503597466 74.5667817896936 83.7065755195448 -393563.400853643 -393571.296301214 514126.617022424 1.04651327948887 6456.95059754913 6440.54750391941 4500
82.3692503597466 74.5667817896936 83.7065755195448 -393563.336783956 -393571.232231527 514126.617022424 1.04651327948887 6487.79533234171 6471.39223871199 4500
82.3696552772672 74.5285424526562 83.7527454065467 -393560.617309925 -393568.482764091 514148.920574188 1.04253776121388 6579.33414535093 6562.99407301947 4550
82.3699328209549 74.4903031156188 83.7958351025845 -393557.766801953 -393565.600415945 514151.239060554 1.03831746024549 6669.09471875115 6652.82086611173 4600
82.3699744294502 74.4520637785814 83.836888845189 -393554.865889609 -393562.663929125 514139.327683839 1.0336021909285 6714.93191005785 6698.73158589681 4650
82.3698273719512 74.413824441544 83.8748665326692 -393551.930053718 -393559.682137639 514107.125544265 1.02751094153364 6735.1067505233 6719.0008897439 4700
82.3696225800779 74.3755851045066 83.9122029785138 -393548.965780413 -393556.656269089 514070.395519455 1.01934671250302 6731.8013382214 6715.82230715578 4750
82.3693931432113 74.3373457674692 83.9497861775518 -393545.969758499 -393553.585960504 514034.787570568 1.0095002804406 6734.44122055495 6718.61544356378 4800
82.3694155486565 74.2991064304318 83.9901536162555 -393542.92668546 -393550.47289873 514017.554074576 1.00022352447546 6746.54787373209 6730.86700126804 4850
82.369471939708 74.2608670933944 84.0336941950844 -393539.819109278 -393547.315377864 514019.687904176 0.993603535600662 6798.07295253524 6782.49592873874 4900
82.3699069625312 74.222627756357 84.081497816078 -393536.628202976 -393544.102578562 514049.973285651 0.990701696975408 6870.76145950585 6855.23084375703 4950
82.370347645882 74.1843884193196 84.1320868258889 -393533.344602076 -393540.819266799 514097.013523498 0.990740020952355 6976.36280753734 6960.83301212453 5000
82.370347645882 74.1843884193196 84.1320868258889 -393533.275386743 -393540.750051466 514097.013523498 0.990740020952355 7006.94889683527 6991.41910142246 5000
82.3709372122518 74.1463451812505 84.1839100694916 -393529.983082587 -393537.476774412 514153.562723848 0.993261995162746 7085.26689617135 7069.69928134439 5050
82.3713802917978 74.1083019431813 84.2352619030893 -393526.539029603 -393534.068817209 514205.995755597 0.998046361654811 7199.02269471569 7183.38168851425 5100
82.3718147940421 74.0702587051121 84.2853439219214 -393523.033443787 -393530.612343742 514250.306408004 1.00455602740619 7293.60730392395 7277.86563720176 5150
82.3720559239154 74.0322154670429 84.3332641805326 -393519.499681176 -393527.114328979 514279.913471213 1.00929427662453 7368.0252619301 7352.21025607268 5200
82.3721385499703 73.9941722289737 84.3786310732924 -393515.962241724 -393523.568336485 514292.667796368 1.00816060167067 7425.3269573121 7409.53010719495 5250
82.3721765822519 73.9561289909045 84.4236115549423 -393512.423625038 -393519.965497031 514302.505395772 0.99964810388026 7456.40181247164 7440.73864413888 5300
82.372126248544 73.9180857528353 84.4679926678076 -393508.857070023 -393516.304706437 514307.859926522 0.987157515496505 7486.29226037725 7470.82496413674 5350
82.3721389648217 73.8800425147661 84.5147079127225 -393505.224958629 -393512.590314651 514327.534693558 0.976251544446824 7505.37980815259 7490.08397746578 5400
82.3721770250934 73.8419992766969 84.563006525728 -393501.491939807 -393508.824121041 514356.705813732 0.971854345265165 7537.21603306598 7521.98996091961 5450
82.3723761025609 73.8039560386277 84.6143081444011 -393497.641525333 -393505.003495352 514404.836243586 0.975802741928169 7569.46862067839 7554.18211929867 5500
82.3723761025609 73.8039560386277 84.6143081444011 -393497.566374861 -393504.92834488 514404.836243586 0.975802741928169 7599.78185940939 7584.49535802968 5500
82.3725660609934 73.766107893892 84.6670418185675 -393493.710464918 -393501.14713098 514462.650626912 0.985703434762924 7614.25578718817 7598.81592115957 5550
82.3728421112035 73.7282597491562 84.7215810341049 -393489.722710145 -393497.246467761 514531.639635778 0.997247108064632 7666.07759052524 7650.459001093 5600
82.3731909874423 73.6904116044205 84.7775491812563 -393485.718269321 -393493.315834531 514609.417761093 1.00703004019902 7724.9236383645 7709.15421529354 5650
82.3735167206363 73.6525634596848 84.8342175686882 -393481.72046615 -393489.356352872 514690.951314341 1.01210941920675 7790.74263868487 7774.89618658082 5700
82.3738776873436 73.6147153149491 84.8907830561245 -393477.737716675 -393485.351961496 514771.728350179 1.00924086272342 7860.10551451689 7844.30645453914 5750
82.3741273284989 73.5768671702133 84.9474167914233 -393473.753083769 -393481.290548363 514851.871200598 0.999063918846796 7927.53093951279 7911.8936279969 5800
82.3744475740736 73.5390190254776 85.0027468180148 -393469.731972255 -393477.175805247 514924.205224414 0.98665338558526 7987.67445548819 7972.23356254557 5850
82.3745167281092 73.5011708807419 85.0574460647198 -393465.635501393 -393473.019876761 514990.805860787 0.978772490677636 8039.57634922379 8024.26077135599 5900
82.3746546420765 73.4633227360061 85.1109596907733 -393461.452454031 -393468.832827585 515050.320661454 0.978242064530237 8068.79031613858 8053.48480701929 5950
82.3745881695764 73.4254745912704 85.1634934228507 -393457.203473994 -393464.617408453 515102.297114005 0.982690442233174 8087.3807635779 8072.00720686914 6000
82.3745881695764 73.4254745912704 85.1634934228507 -393457.123076163 -393464.537010622 515102.297114005 0.982690442233174 8117.39645769275 8102.02290098399 6000
82.3745503232816 73.3878205393905 85.216106108239 -393452.947941268 -393460.393659396 515155.964689354 0.986903253619542 8082.94743921244 8067.50958423506 6050
82.3744499621116 73.3501664875106 85.2692188463906 -393448.689381649 -393456.14655158 515211.936244952 0.988421149103569 8086.97465068843 8071.51473140732 6100
82.3745010900591 73.3125124356307 85.3264668892462 -393444.432560963 -393451.880917238 515293.499216686 0.987252930649996 8085.46508858486 8070.02588561039 6150
82.3746738780026 73.2748583837508 85.3861596843004 -393440.16567065 -393447.593409759 515390.224822053 0.984520199023093 8110.02372093016 8094.63014343648 6200
82.3749048136002 73.2372043318709 85.4507415814182 -393435.874570969 -393443.274909687 515516.439903742 0.980888375379115 8144.47561503442 8129.14257827436 6250
82.3753028008039 73.199550279991 85.5175629531057 -393431.544629598 -393438.919604724 515656.804402771 0.977526522194048 8195.13951643089 8179.86319086749 6300
82.375641566805 73.1618962281111 85.5861789589034 -393427.170041393 -393434.528865021 515807.200715035 0.975385699094205 8248.83720579981 8233.59878044942 6350
82.375988761283 73.1242421762312 85.6537622827926 -393422.752825537 -393430.110887417 515951.004826157 0.97528473196951 8299.51686437125 8284.28426319011 6400
82.3761507584097 73.0865881243514 85.7190769366484 -393418.304609806 -393425.673478761 516079.571858308 0.976717171204605 8335.20327951546 8319.95210596808 6450
82.3762519069964 73.0489340724715 85.7808022875884 -393413.841008637 -393421.220730883 516185.754280108 0.978155736000251 8348.9984144395 8333.72791996939 6500
82.3762519069964 73.0489340724715 85.7808022875884 -393413.757820404 -393421.137542651 516185.754280108 0.978155736000251 8378.68348379213 8363.41298932202 6500
82.3760783744781 73.0114731181004 85.8395468904077 -393409.398349034 -393416.779092807 516273.270541003 0.978291135745598 8335.31683591618 8320.04681659273 6550
82.3758648972574 72.9740121637294 85.8961494314763 -393404.966267528 -393412.334823913 516347.296913747 0.976675741073215 8308.9033837001 8293.66076444096 6600
82.3755906214581 72.9365512093583 85.9550131519592 -393400.546530362 -393407.896088259 516434.178006348 0.974157559664381 8264.56383210629 8249.36307087341 6650
82.3754295148043 72.8990902549873 86.0159407836335 -393396.136530349 -393403.473901153 516533.798807499 0.972542204119701 8234.16575242038 8218.99312402554 6700
82.3753321503821 72.8616293006162 86.0833621858132 -393391.731368821 -393399.06938285 516672.418575939 0.972627461295093 8206.00522969451 8190.83534227469 6750
82.3754113907592 72.8241683462452 86.1550271738636 -393387.328118041 -393394.676335464 516837.186839216 0.973979884710335 8204.86652182671 8189.68038381488 6800
82.3756265485627 72.7867073918741 86.2325660570237 -393382.922134078 -393390.293408488 517037.585158426 0.97703600552983 8205.83448284365 8190.60659874251 6850
82.3758048039871 72.7492464375031 86.3119141721486 -393378.515436851 -393385.921411331 517248.116581577 0.981635375569757 8224.7476072748 8209.45426559232 6900
82.3760599865161 72.711785483132 86.3918204873582 -393374.111415118 -393381.558723442 517461.98588004 0.987114028472908 8230.70388537905 8215.33154536628 6950
82.3761250727745 72.674324528761 86.468422186089 -393369.721414969 -393377.21188754 517654.385197779 0.992835294592279 8235.62287102817 8220.16718029478 7000
82.3761250727745 72.674324528761 86.468422186089 -393369.639107733 -393377.129580303 517654.385197779 0.992835294592279 8264.93693219446 8249.48124146107 7000
82.376144822211 72.6370556816562 86.5402008880181 -393365.376652508 -393372.913634785 517818.537932546 0.998999989488384 8216.66839451829 8201.1216665939 7050
82.3758892050145 72.5997868345513 86.6070111483272 -393361.074235443 -393368.647007408 517950.804880987 1.00374378427892 8189.71982577724 8174.10326249644 7100
82.3756599370024 72.5625179874465 86.6706967332907 -393356.822745718 -393364.405681707 518064.149106251 1.00509098931721 8142.82751413246 8127.19341185187 7150
82.3752961126548 72.5252491403416 86.7333032875937 -393352.624372566 -393360.182176093 518169.808799885 1.00175977155153 8094.44917837053 8078.87007026488 7200
82.3749844100782 72.4879802932368 86.7977530632137 -393348.461745986 -393355.977579925 518286.41730207 0.996196853028704 8046.76619549507 8031.27708611152 7250
82.3747362893025 72.450711446132 86.8662951113828 -393344.314071279 -393351.806972292 518427.452444496 0.993157175795598 8004.89558647025 7989.45793958675 7300
82.3745954291055 72.4134425990271 86.9394711712822 -393340.166439412 -393347.684369263 518596.383121563 0.996474658719208 7974.58947442081 7959.10530609237 7350
82.3745001679439 72.3761737519223 87.0176647029306 -393336.029336717 -393343.608131926 518795.065004529 1.00454214374525 7946.22081856272 7930.61726794971 7400
82.3744331402705 72.3389049048175 87.0988200930643 -393331.926370164 -393339.570116467 519011.093549531 1.01315117847607 7922.5272519327 7906.79652754746 7450
82.3743645812298 72.3016360577126 87.1823713572385 -393327.886936212 -393335.562597773 519240.883145764 1.01738143151615 7885.87598434807 7870.08656948821 7500
