# Fix print output for fix def0
82.3714983570544 78.0982518281602 80.3926956891538 -393666.499582097 -393673.823956141 517171.840637893 0.970819530228916 2120.37558476349 2105.24851731793
82.3715643636964 78.0982518281602 80.3910070034581 -393666.455536919 -393673.878369364 517161.391620478 0.983869838277656 2135.55263352547 2120.22190969513
82.3716367279633 78.0982518281602 80.3881554130055 -393666.417714368 -393674.038196431 517143.50144021 1.01006758691888 2151.07000027333 2135.33051694281
82.3716404780384 78.0982518281602 80.386580315863 -393666.43917939 -393674.262487389 517133.392256143 1.03695143773879 2165.23273490235 2149.07401529496
82.3717045381972 78.0982518281602 80.3867108738489 -393666.534687888 -393674.499533695 517134.63431988 1.05571176704803 2173.18969373311 2156.73867313888
82.371670588355 78.0982518281602 80.386016051721 -393666.657600536 -393674.671631471 517129.951331932 1.06223107938189 2190.65254597108 2174.09978587588
82.3717734365616 78.0982518281602 80.3843066099579 -393666.797619486 -393674.718285565 517119.600018442 1.04985590240839 2207.81859417526 2191.45834913585
82.3718364195048 78.0982518281602 80.3832357359564 -393666.929423621 -393674.645632271 517113.106381702 1.02275580283802 2226.26003213787 2210.32189659947
82.3718954479464 78.0982518281602 80.3851497510696 -393667.027355382 -393674.507973564 517125.790002478 0.991529130595962 2235.91548482902 2220.46434974453
82.3719961316543 78.0982518281602 80.3882129197538 -393667.06106721 -393674.380940293 517146.127786438 0.970222943880706 2240.12931428961 2225.01079103781
82.372081497669 78.0982518281602 80.390555264337 -393666.996751439 -393674.325230176 517161.732302945 0.971363592587674 2243.74608594105 2228.61024521551
82.3721916110111 78.0982518281602 80.3916037389289 -393666.891468484 -393674.333620474 517169.168601582 0.986430574722788 2240.85234631249 2225.48195205753
82.3721220237872 78.0982518281602 80.3940585321616 -393666.802799514 -393674.339448141 517184.523678435 0.99895576531736 2223.02417162717 2207.45907410984
82.3720053993412 78.0982518281602 80.3982237204385 -393666.738756977 -393674.295397655 517210.586548835 1.0016056400488 2179.32131039038 2163.71571062416
82.3716575906173 78.0982518281602 80.401731115026 -393666.689645034 -393674.20263594 517230.966030114 0.995820019239302 2125.1134889069 2109.59864381209
82.3713445422621 78.0982518281602 80.4019911945854 -393666.632433792 -393674.072251629 517230.673432929 0.986121191203945 2062.38498603379 2047.02123968848
82.3710024694328 78.0982518281602 80.4006376730505 -393666.548447854 -393673.914826127 517219.818224029 0.976387040192342 1994.09348020426 1978.88107245097
82.3705892053576 78.0982518281602 80.4005030129362 -393666.442425481 -393673.74310914 517216.357008839 0.967679454545167 1918.83794116481 1903.7610993569
82.3702474408122 78.0982518281602 80.4016265153491 -393666.322576241 -393673.537472259 517221.438481777 0.956308610218791 1838.15557961554 1823.25604659718
82.3699122517384 78.0982518281602 80.4014290196835 -393666.186804175 -393673.236022397 517218.063274689 0.934348612073217 1773.55280502505 1758.99531940376
82.3697449638842 78.0982518281602 80.3990471392354 -393666.028160159 -393672.819262544 517201.690361407 0.900136282908444 1734.03712240084 1720.01223313869
