# Fix print output for fix def0
82.3507234687591 80.0763201014778 77.3865609007013 -393913.742266012 -393920.970910796 510313.517894872 0.958130959849518 -5.11564752358156 -20.2456468854238 0
82.3578015261002 80.036281941427 77.3895228053025 -393913.360165078 -393920.553410618 510121.724457043 0.953438917000037 1369.8041612226 1354.74259400355 50
82.3656288916213 79.9962437813763 77.3932512514397 -393912.291320518 -393919.367345963 509939.560723186 0.937901813403005 2750.15829426682 2735.33687547573 100
82.3656288916213 79.9962437813763 77.3932512514397 -393912.264937059 -393919.340962504 509939.560723186 0.937901813403005 2784.4264491681 2769.605030377 100
82.3729766263827 79.9562456594856 77.3952320686335 -393910.537320532 -393917.77920872 509743.10539332 0.959886325535653 4155.72097448327 4140.54629407738 150
82.3807140184306 79.9162475375949 77.396822801226 -393908.118751553 -393915.443663414 509546.435846799 0.970890815924679 5548.73113357801 5533.37656093156 200
82.3807140184306 79.9162475375949 77.396822801226 -393908.06570945 -393915.390621311 509546.435846799 0.970890815924679 5583.1268738241 5567.77230117765 200
82.3877779327962 79.8762894138261 77.3990524369567 -393905.032522145 -393912.414867203 509350.005809231 0.97850338025538 6971.50676024161 6956.02582750857 250
82.3962039660773 79.8363312900573 77.4025247171151 -393901.284813706 -393908.711891489 509170.111415407 0.984432542594156 8338.04569245323 8322.46545156096 300
82.3962039660773 79.8363312900573 77.4025247171151 -393901.20503872 -393908.632116502 509170.111415407 0.984432542594156 8372.56812670655 8356.98788581428 300
82.4030878674543 79.7964131244123 77.4054478417861 -393896.875441692 -393904.31420586 508977.265310992 0.985981531158713 9774.50238100474 9758.89171238018 350
82.4109863045083 79.7564949587673 77.4067735158769 -393891.801748931 -393899.488540618 508780.124466141 1.01885668987601 11174.0987362989 11157.9613173905 400
82.4109863045083 79.7564949587673 77.4067735158769 -393891.695117205 -393899.381908892 508780.124466141 1.01885668987601 11208.74961823 11192.6121993216 400
82.4190671017736 79.7166167112879 77.4086724140649 -393886.077896184 -393893.473525344 508588.073903121 0.980264140442748 12567.1427634943 12551.6107395097 450
82.4258851149511 79.6767384638085 77.4116977411256 -393879.694614336 -393887.364521758 508395.572525271 1.01661874102481 14014.7461748872 13998.6320227161 500
82.4258851149511 79.6767384638085 77.4116977411256 -393879.561066181 -393887.230973602 508395.572525271 1.01661874102481 14049.5249881503 14033.4108359792 500
82.4342909676621 79.6369000945766 77.4149624531372 -393872.650381959 -393880.298807861 508214.627590743 1.0137714426299 15397.9414612839 15381.866719659 550
82.4414908364404 79.5970617253447 77.4167857600325 -393864.94763154 -393872.484735882 508016.723499638 0.999016168708206 16838.4909894328 16822.6440420188 600
82.4414908364404 79.5970617253447 77.4167857600325 -393864.787131484 -393872.324235826 508016.723499638 0.999016168708206 16873.3967268528 16857.5497794388 600
82.449418809114 79.557263194482 77.4181024583681 -393856.600083536 -393864.126404763 507820.180874564 0.997586905557149 18250.1832284065 18234.3528282557 650
82.456646542102 79.5174646636194 77.42065769696 -393847.593989233 -393855.223534143 507627.392393179 1.01126883476062 19696.2785156827 19680.22490662 700
82.456646542102 79.5174646636194 77.42065769696 -393847.40651167 -393855.03605658 507627.392393179 1.01126883476062 19731.3116212544 19715.2580121916 700
82.4651352044596 79.4777059312875 77.4240675587 -393837.932782503 -393845.582408205 507448.159982698 1.01393047177806 21083.7010313454 21067.5994844288 750
82.4719419132179 79.4379471989557 77.4268742810557 -393827.592356208 -393835.031103902 507254.560985748 0.985979347515788 22553.6915174972 22538.0278676446 800
82.4719419132179 79.4379471989557 77.4268742810557 -393827.377925584 -393834.816673277 507254.560985748 0.985979347515788 22588.8501012496 22573.186451397 800
82.4803536921828 79.3982282253562 77.4279162486139 -393816.581171978 -393824.024504167 507059.46922368 0.98658700591336 23958.3093328615 23942.6299991891 850
82.4882407958984 79.3585092517568 77.4290281779794 -393804.877322191 -393812.543150036 506861.55432395 1.01607800770917 25389.8480850016 25373.6937602544 900
82.4882407958984 79.3585092517568 77.4290281779794 -393804.635960509 -393812.301788354 506861.55432395 1.01607800770917 25425.1329229209 25408.9785981737 900
82.4953515441404 79.3188299971309 77.4330546344717 -393792.502180877 -393800.051727342 506678.141630817 1.00066532753664 26848.4995562175 26832.5845141194 950
82.5040943608457 79.279150742505 77.4364229532866 -393779.423590852 -393786.913927146 506500.378148084 0.992817231664527 28243.8314511959 28228.0356870257 1000
82.5040943608457 79.279150742505 77.4364229532866 -393779.155258861 -393786.645595156 506500.378148084 0.992817231664527 28279.2402416662 28263.444477496 1000
82.5114312515347 79.2395111671338 77.4374104848263 -393765.654142803 -393773.175268541 506298.603943196 0.996898262191092 29708.6818295329 29692.8148150627 1050
82.5193633599632 79.1998715917625 77.4383505914503 -393751.200076501 -393758.713274749 506100.119974189 0.99584750176123 31148.6046280481 31132.7481216657 1100
82.5193633599632 79.1998715917625 77.4383505914503 -393750.904648601 -393758.417846849 506100.119974189 0.99584750176123 31184.1408693337 31168.2843629513 1100
82.5272789117224 79.1602716559666 77.4416282463509 -393736.060269531 -393743.526873455 505917.005102095 0.989671591074054 32588.7068874225 32572.9430141365 1150
82.5354729707727 79.1206717201707 77.4453277700841 -393720.236541464 -393727.793087107 505738.285830814 1.00159304352591 34018.3634790242 34002.4040784284 1200
82.5354729707727 79.1206717201707 77.4453277700841 -393719.913927628 -393727.470473271 505738.285830814 1.00159304352591 34054.0243485844 34038.0649479886 1200
82.5424048238813 79.0811113843106 77.4473110949441 -393703.761740182 -393711.346837928 505540.816805443 1.00537752243524 35509.6686028216 35493.6426428271 1250
82.5515079786136 79.0415510484506 77.4472885319949 -393686.612420226 -393694.325472374 505343.498193156 1.02233741976193 36913.5644226517 36897.2617546809 1300
82.5515079786136 79.0415510484506 77.4472885319949 -393686.262537405 -393693.975589552 505343.498193156 1.02233741976193 36949.3526104137 36933.0499424429 1300
82.5586059268372 79.0020302729263 77.4495781467276 -393668.801013811 -393676.319081333 505149.188739227 0.996492906548124 38403.2282316864 38387.3315799271 1350
82.5664448243631 78.9625094974021 77.4542597994701 -393650.311477664 -393657.73957049 504974.95021294 0.984567082961431 39856.3446117954 39840.6327885189 1400
82.5664448243631 78.9625094974021 77.4542597994701 -393649.93423936 -393657.362332185 504974.95021294 0.984567082961431 39892.2587015161 39876.5468782396 1400
82.5753753000156 78.9230282426534 77.4569014882915 -393631.145776134 -393638.805202663 504794.270210055 1.01522953637733 41271.6444265631 41255.4374898448 1450
82.5822462510625 78.8835469879047 77.4566939673158 -393611.289287367 -393618.769656039 504582.376969752 0.991496059037236 42785.7483110402 42769.9136043671 1500
82.5822462510625 78.8835469879047 77.4566939673158 -393610.884698844 -393618.365067516 504582.376969752 0.991496059037236 42821.7896104303 42805.9549037571 1500
82.5909790909749 78.8441052144107 77.4578805092404 -393590.762121557 -393598.255277462 504391.143804934 0.993190961005885 44216.7349884229 44200.8671995054 1550
82.599147548608 78.8046634409168 77.4622464087295 -393569.529811496 -393577.122647592 504217.101186626 1.00640321301682 45671.460905724 45655.3764802749 1600
82.599147548608 78.8046634409168 77.4622464087295 -393569.097904734 -393576.69074083 504217.101186626 1.00640321301682 45707.6265842765 45691.5421588274 1600
82.6067728449316 78.7652611091963 77.4665019116917 -393547.619338722 -393555.206449851 504039.205733648 1.00564438908181 47146.0098677588 47129.9318973489 1650
82.6148774302152 78.7258587774759 77.4667572551311 -393525.00802539 -393532.51694552 503838.14755377 0.995280452435969 48618.5834573202 48602.6648328827 1700
82.6148774302152 78.7258587774759 77.4667572551311 -393524.548752307 -393532.057672437 503838.14755377 0.995280452435969 48654.8746334182 48638.9560089808 1700
82.6239712373402 78.6864958480871 77.4666432431393 -393501.719231887 -393509.20367404 503640.919342095 0.992035984308081 50045.7704887071 50029.8975431591 1750
82.6301741387443 78.6471329186984 77.4705222794334 -393477.737786517 -393485.410876585 503451.972675537 1.01704058936849 51595.3544585388 51579.0753226844 1800
82.6301741387443 78.6471329186984 77.4705222794334 -393477.251108635 -393484.924198703 503451.972675537 1.01704058936849 51631.7715054563 51615.4923696019 1800
82.640172819476 78.6078093522391 77.4761707292091 -393453.103166219 -393460.730945787 503297.82978575 1.01103484493107 52968.7034586121 52952.5154966714 1850
82.6470603106381 78.5684857857797 77.4781245383961 -393427.813304633 -393435.412209036 503100.667390059 1.00720754533054 54490.5464660441 54474.4134641104 1900
82.6470603106381 78.5684857857797 77.4781245383961 -393427.299348605 -393434.898253008 503100.667390059 1.00720754533054 54527.0850894359 54510.9520875022 1900
82.6550975700849 78.5292015428868 77.4779842372859 -393401.878257881 -393409.695784265 502897.107444003 1.0361851055114 55957.4289114922 55940.8250417993 1950
82.6638496731875 78.4899172999939 77.4825050339425 -393375.278193694 -393383.219801965 502728.088936382 1.05263171485095 57375.431244839 57358.5581631822 2000
82.6638496731875 78.4899172999939 77.4825050339425 -393374.737236805 -393382.678845076 502728.088936382 1.05263171485095 57412.0910833457 57395.2180016888 2000
82.6711523980703 78.4506723413439 77.4919276671317 -393348.065563859 -393356.353944689 502582.226404327 1.09859517487713 58817.973311904 58800.3583515489 2050
82.6785677030959 78.4114273826939 77.5009847619222 -393320.262402693 -393329.196269581 502434.58349252 1.18415203843383 60217.7932329028 60198.800867791 2100
82.6785677030959 78.4114273826939 77.5009847619222 -393319.695296803 -393328.629163691 502434.58349252 1.18415203843383 60254.5634121343 60235.5710470225 2100
82.6871273206486 78.3722216690026 77.5114147416322 -393291.982820047 -393302.240694432 502302.94683831 1.35964448723726 61484.1405564236 61462.3277899991 2150
82.6921735928359 78.3330159553112 77.5338573829234 -393263.371683325 -393275.853587657 502227.682014593 1.65443168597001 62730.6641097374 62704.1180968287 2200
82.6921735928359 78.3330159553112 77.5338573829234 -393262.781367084 -393275.263271416 502227.682014593 1.65443168597001 62767.5204041016 62740.9743911929 2200
82.6981850789094 78.2938494473336 77.5774757633638 -393234.835642168 -393251.699113657 502295.478956185 2.23519270989628 63613.5425062952 63577.6827930919 2250
82.7011512427324 78.2546829393559 77.6494596378588 -393207.16144408 -393231.391486485 502528.074379946 3.21160528433452 64077.4897409794 64025.989063351 2300
82.7011512427324 78.2546829393559 77.6494596378588 -393206.557601606 -393230.787644012 502528.074379946 3.21160528433452 64114.3362581292 64062.8355805008 2300
82.6980185796889 78.2155555978863 77.7671778670648 -393182.149529715 -393218.626881282 503019.217904203 4.83494222131198 63848.7673840741 63771.3108928395 2350
82.690404921055 78.1764282564166 77.9622192298681 -393163.275248091 -393218.103227114 503982.128067924 7.26725212482046 62218.6227267651 62102.4227074383 2400
82.690404921055 78.1764282564166 77.9622192298681 -393162.687319892 -393217.515298915 503982.128067924 7.26725212482046 62255.1999328049 62138.999913478 2400
82.6695574474553 78.1373400422884 78.2629045205657 -393156.414732367 -393234.401136143 505545.439675103 10.3368183297997 58771.9334998448 58607.1636313111 2450
82.6353783557446 78.0982518281602 78.6729632425421 -393168.374350088 -393268.352667268 507730.018391299 13.2517676360778 52844.2322610301 52633.9066883913 2500
82.6353783557446 78.0982518281602 78.6729632425421 -393167.871617709 -393267.84993489 507730.018391299 13.2517676360778 52879.9647682347 52669.6391955958 2500
82.5864022746439 78.0592027022461 79.150966705357 -393201.813882068 -393313.052661207 510256.894830702 14.7443015130559 44509.8174370304 44276.9619745741 2550
82.528074352637 78.020153576332 79.6247558025224 -393249.13496394 -393354.156724308 512692.100588208 13.920257955741 34664.0425971977 34445.2453941489 2600
82.528074352637 78.020153576332 79.6247558025224 -393248.802092515 -393353.823852883 512692.100588208 13.920257955741 34698.3539273122 34479.5567242634 2600
82.4699943919294 77.9811434995438 80.0176101750643 -393294.786387358 -393378.239904648 514601.610242212 11.0614646327451 25055.3988556315 24882.1810218971 2650
82.4242351876424 77.9421334227557 80.2994525716507 -393326.59862244 -393383.486823071 515869.438266689 7.54032711554709 17481.8303578675 17364.042236277 2700
82.4242351876424 77.9421334227557 80.2994525716507 -393326.429658187 -393383.317858819 515869.438266689 7.54032711554709 17514.8894507263 17397.1013291359 2700
82.3972661435816 77.9031623560443 80.4910019281682 -393343.698092616 -393380.700121825 516672.353275757 4.90448636242127 13108.3893526472 13031.8949924385 2750
82.3896558756667 77.8641912893329 80.6291043727234 -393352.299283686 -393380.224582237 517252.146870577 3.7013982431225 11951.856173835 11894.1908651274 2800
82.3896558756667 77.8641912893329 80.6291043727234 -393352.18337802 -393380.108676571 517252.146870577 3.7013982431225 11984.4489864452 11926.7836777376 2800
82.3959263311872 77.8252591936882 80.7335248083023 -393357.303826753 -393381.898482992 517702.462192232 3.25993354117665 13076.649127593 13025.9057204183 2850
82.4081031069958 77.7863270980436 80.8087330909447 -393359.772654852 -393381.45439835 518002.053102087 2.87383739677038 15142.1776788961 15097.4700312419 2900
82.4081031069958 77.7863270980436 80.8087330909447 -393359.625591052 -393381.30733455 518002.053102087 2.87383739677038 15174.851337125 15130.1436894708 2900
82.4198641847013 77.7474339344946 80.8570887068568 -393359.619634074 -393378.705273911 518126.802609167 2.52973316061949 16958.251984592 16918.9069652115 2950
82.4264502761169 77.7085407709455 80.8883588673928 -393357.74918526 -393375.926164521 518109.284766992 2.40929345770953 17863.8493784964 17826.3762946386 3000
82.4264502761169 77.7085407709455 80.8883588673928 -393357.575626354 -393375.752605615 518109.284766992 2.40929345770953 17896.6127255009 17859.1396416431 3000
82.4270499216818 77.6696865005601 80.9178316706412 -393355.580956199 -393373.977490671 518042.684778299 2.43839471401713 17664.804582565 17626.8739948892 3050
82.4222372234628 77.6308322301746 80.9552636954935 -393353.724384457 -393371.436033691 517992.810912634 2.34761563032153 16652.1816814749 16615.6596968942 3100
82.4222372234628 77.6308322301746 80.9552636954935 -393353.562608888 -393371.274258122 517992.810912634 2.34761563032153 16684.8162774859 16648.2942929052 3100
82.415512838619 77.5920168140595 80.9997262847051 -393351.653236959 -393366.877269009 517975.904140293 2.01789088772296 15330.549766507 15299.1563031039 3150
82.4099053264335 77.5532013979444 81.0471160908978 -393348.743797512 -393361.252600462 517984.436880146 1.65799700137931 14285.6562983694 14259.8623314708 3200
82.4099053264335 77.5532013979444 81.0471160908978 -393348.605000372 -393361.113803321 517984.436880146 1.65799700137931 14318.0878199796 14292.2938530809 3200
82.4081694401602 77.5144247972455 81.0972438059195 -393345.172494944 -393356.726034043 518034.746181082 1.53138020154867 13879.1925384512 13855.3707015664 3250
82.4102530022447 77.4756481965465 81.1533901638889 -393341.505040172 -393353.797592873 518147.172962957 1.62933380599368 14166.1467175418 14140.8066338869 3300
82.4102530022447 77.4756481965465 81.1533901638889 -393341.367378815 -393353.659931516 518147.172962957 1.62933380599368 14198.4978193082 14173.1577356533 3300
82.4142551174595 77.4369103724482 81.22019499001 -393338.01385829 -393351.054024546 518339.591813269 1.72842730335415 14825.4369816684 14798.5657332163 3350
82.416949560247 77.3981725483499 81.2988304543031 -393334.402305184 -393347.208797532 518598.83986574 1.69745466422294 15362.9432257221 15336.5666901947 3400
82.416949560247 77.3981725483499 81.2988304543031 -393334.252882046 -393347.059374393 518598.83986574 1.69745466422294 15395.274649187 15368.8981136597 3400
82.4159774798693 77.3594734620758 81.3844998323456 -393330.398083791 -393342.384291986 518879.625341627 1.58872893965135 15353.3518170939 15328.6781160956 3450
82.4107087677794 77.3207743758016 81.4683042988916 -393326.142595396 -393337.282380785 519120.908327383 1.47653863011167 14661.4620309738 14638.5413560675 3500
82.4107087677794 77.3207743758016 81.4683042988916 -393325.999834276 -393337.139619665 519120.908327383 1.47653863011167 14693.6592235563 14670.73854865 3500
82.4026796925207 77.2821139886137 81.5416404397894 -393321.928057371 -393332.086536761 519277.819592091 1.34647003678718 13484.2691586415 13463.3738866049 3550
82.3946951769183 77.2434536014258 81.6006667417599 -393317.772743223 -393326.581953124 519343.429859532 1.16762920158552 12277.170390269 12259.0527590762 3600
82.3946951769183 77.2434536014258 81.6006667417599 -393317.653125736 -393326.462335637 519343.429859532 1.16762920158552 12309.1533907705 12291.0357595777 3600
82.3898624900429 77.2048318746251 81.6495377477446 -393313.477209626 -393321.039742844 519364.17574393 1.00238667509395 11513.5499935972 11497.9969853002 3650
82.389658025225 77.1662101478243 81.6958900437282 -393308.841688208 -393315.986158216 519397.769385967 0.946973894944761 11482.8127562486 11468.1204816868 3700
82.389658025225 77.1662101478243 81.6958900437282 -393308.729797226 -393315.874267234 519397.769385967 0.946973894944761 11514.6839915909 11499.9917170291 3700
82.3938906232867 77.1276270427504 81.7444542672781 -393303.75258149 -393311.242045903 519473.358270724 0.992701666822046 12118.5311701967 12103.1316715981 3750
82.3999025869666 77.0890439376765 81.7945946269986 -393298.205887023 -393306.056310227 519569.87472829 1.04054546105132 13068.7773687151 13052.6386814605 3800
82.3999025869666 77.0890439376765 81.7945946269986 -393298.078515033 -393305.928938237 519569.87472829 1.04054546105132 13100.6678941058 13084.5292068512 3800
82.4048218206355 77.0504994157077 81.8446318186816 -393292.327237463 -393300.233025948 519658.79512409 1.04788393062455 13815.275625386 13799.0259007031 3850
82.4059173578496 77.0119548937388 81.8933353944224 -393286.30314407 -393294.238308479 519714.825553447 1.05177760415973 14005.5857676254 13989.2774214378 3900
82.4059173578496 77.0119548937388 81.8933353944224 -393286.166606098 -393294.101770508 519714.825553447 1.05177760415973 14037.4596411418 14021.1512949542 3900
82.4032346542752 76.973448916292 81.9404704956073 -393280.427662855 -393288.417876855 519737.02882017 1.05907423009073 13581.3531100562 13564.9323275049 3950
82.3981963043953 76.9349429388451 81.9868497975064 -393274.893805719 -393282.673600006 519739.280451628 1.03118385119784 12853.5574555091 12837.5691782451 4000
82.3981963043953 76.9349429388451 81.9868497975064 -393274.768483558 -393282.548277845 519739.280451628 1.03118385119784 12885.3019657191 12869.3136884551 4000
82.3938176338481 76.8964754673757 82.0371787074679 -393269.616389655 -393277.031305336 519770.679098518 0.982820499677644 12239.6294905342 12224.3919968578 4050
82.3917756778378 76.8580079959063 82.0972034201846 -393264.361716305 -393271.829887485 519877.893339105 0.989879325191849 12065.244873833 12049.9011062342 4100
82.3917756778378 76.8580079959063 82.0972034201846 -393264.244054252 -393271.712225432 519877.893339105 0.989879325191849 12096.8753364764 12081.5315688777 4100
82.3925808050708 76.8195789919083 82.1688729732423 -393259.032875914 -393267.074319384 520076.654710129 1.06586451274331 12344.9254781858 12328.4102053731 4150
82.3946312423806 76.7811499879104 82.2464773821886 -393253.727813864 -393262.257000866 520320.375554545 1.1305131698519 12845.0238508837 12827.5150702421 4200
82.3946312423806 76.7811499879104 82.2464773821886 -393253.602455942 -393262.131642944 520320.375554545 1.1305131698519 12876.6132946955 12859.104514054 4200
82.3960739927057 76.7427594129164 82.3202139242556 -393248.544117085 -393257.203723613 520535.580179516 1.14779981058345 13205.1018223125 13187.3326647936 4250
82.3954635303077 76.7043688379224 82.382139166912 -393243.477771135 -393252.280828545 520662.700767743 1.16681371095892 13207.5184517056 13189.4593490919 4300
82.3954635303077 76.7043688379224 82.382139166912 -393243.348790934 -393252.151848344 520662.700767743 1.16681371095892 13239.0493437277 13220.9902411139 4300
82.3931966949603 76.6660166535035 82.4311811673639 -393238.658399314 -393247.728125462 520697.838746298 1.20215969652962 12878.5333787921 12859.9284720496 4350
82.3906907598564 76.6276644690845 82.4737922644031 -393234.178045457 -393243.402848715 520690.551990509 1.22271461154518 12476.1800642958 12457.2567800285 4400
82.3906907598564 76.6276644690845 82.4737922644031 -393234.056203717 -393243.281006974 520690.551990509 1.22271461154518 12507.60861474 12488.6853304727 4400
82.389809058915 76.58935063685 82.5193581369322 -393229.940085997 -393239.231416544 520712.166297338 1.23153256539907 12280.6322126174 12261.5732488623 4450
82.3911549440109 76.5510368046154 82.57256558596 -393225.781047357 -393235.348420038 520795.768059052 1.26812096092493 12438.9982371924 12419.3761887604 4500
82.3911549440109 76.5510368046154 82.57256558596 -393225.659556729 -393235.22692941 520795.768059052 1.26812096092493 12470.3599233397 12450.7378749078 4500
82.3942428514458 76.5127612862131 82.6314227143074 -393221.673936197 -393231.874120043 520925.926884444 1.35199781303449 12855.6513071883 12834.7366319775 4550
82.3972769932088 76.4744857678108 82.6896161104836 -393217.720198168 -393228.826986063 521051.200389232 1.47216493054175 13300.8322439612 13278.0641237425 4600
82.3972769932088 76.4744857678108 82.6896161104836 -393217.590245454 -393228.697033349 521051.200389232 1.47216493054175 13332.1702272286 13309.4021070098 4600
82.3989352095217 76.4362485249269 82.7418149760685 -393214.11438577 -393226.318877783 521129.917832514 1.61766167745458 13528.9853742644 13503.9708182271 4650
82.398416001898 76.398011282043 82.7854524477615 -393211.083183108 -393224.542130157 521140.641615692 1.78393519662598 13465.5110095054 13437.925866514 4700
82.398416001898 76.398011282043 82.7854524477615 -393210.951631267 -393224.410578316 521140.641615692 1.78393519662598 13496.7957222891 13469.2105792977 4700
82.39654192836 76.359812276402 82.8217099542576 -393208.837768044 -393223.615715165 521096.348789915 1.95876392904252 13188.1346974159 13157.8435882321 4750
82.3942632361907 76.321613270761 82.8528100270755 -393207.452235372 -393223.503421471 521016.838126064 2.12752719258593 12896.5689471017 12863.6629943782 4800
82.3942632361907 76.321613270761 82.8528100270755 -393207.326314306 -393223.377500406 521016.838126064 2.12752719258593 12927.7713864708 12894.8654337473 4800
82.3928434660255 76.2834524641256 82.8816101775518 -393206.875577768 -393224.0823287 520928.371345747 2.2806931698517 12733.3600353085 12698.0791105832 4850
82.3923304583277 76.2452916574902 82.9102407916166 -393206.944380055 -393225.063097592 520844.393294796 2.40157107499518 12751.3761412491 12714.2193194651 4900
82.3923304583277 76.2452916574902 82.9102407916166 -393206.819951534 -393224.938669071 520844.393294796 2.40157107499518 12782.5236824322 12745.3668606482 4900
82.3925358668022 76.2071690116615 82.9409973507608 -393207.419647963 -393226.020722534 520778.386359592 2.46550577112313 12862.7932595026 12824.6424128303 4950
82.3925510972567 76.1690463658327 82.9744242196528 -393208.006202066 -393226.587377796 520727.742200706 2.46286825110009 12962.0179134311 12923.9041728783 5000
